0 0.7764257798149918 0.31703470031545744 0.06309148264984228 0.03470031545741325
0 0.7323541750113169 0.36408549346213914 0.04266140825308642 0.037921251780521276
0 0.6725096995451818 0.3723807672891281 0.041476369134945124 0.028440938835390946
0 0.8313049413761145 0.30720361579135724 0.04384644737122763 0.03555117354423868
0 0.8313049413761145 0.3510500631625849 0.05806691678892318 0.028440938835390946
0 0.8810765843380487 0.31905400697277014 0.03910629089866262 0.05925195590706445
0 0.9261080708274178 0.28172527475131953 0.05806691678892318 0.03436613442609739
0 0.8751513887473423 0.25387685547499916 0.041476369134945214 0.037921251780521276
0 0.8336750196123971 0.224250877521467 0.048586603843792806 0.04503148648936899
0 0.7880510135639576 0.23373119046659727 0.04503148648936901 0.04740156472565161
0 0.7892360526820988 0.13122530674737573 0.05688187767078198 0.048586603843792854
0 0.8425628129984568 0.15137097175577766 0.04029133001680373 0.055696838552640605
0 0.8958895733148148 0.054329434579033685 0.0545117994344993 0.04358310634954419
0 0.927293109945559 0.2177331623716899 0.11257871622342248 0.06517715149777092
0 0.9201828752367115 0.17744183235488603 0.09124801209687931 0.05095668208007547
0 0.9290706686227711 0.124115072038528 0.07584250356104263 0.06280707326148834
0 0.6482163976232853 0.32971935903604177 0.04503148648936901 0.08295273826989025
0 0.7027281970577846 0.28054023563317826 0.08769289474245542 0.04621652560751031
0 0.6956179623489369 0.21714064281261922 0.07110234708847736 0.04740156472565156
0 0.7584250356104252 0.19462489956793472 0.05214172119821679 0.056881877670781913
0 0.7169486664754803 0.1703315976460383 0.04029133001680382 0.048586603843792854
0 0.7228738620661866 0.115819798211539 0.04740156472565152 0.039106290898662556
0 0.7513148009015775 0.07612098775380578 0.04029133001680392 0.06162203414334706
0 0.6328108890874485 0.17507175411860348 0.03318109530795613 0.05569683855264065
0 0.665399464836334 0.15788868690555477 0.029625977953532237 0.04503148648936899
0 0.5842242852436557 0.25861701194756437 0.07347242532475996 0.04977164296193411
0 0.6049624698111282 0.2195107210489018 0.048586603843792806 0.04029133001680382
0 0.5166770555096023 0.369418169493775 0.06399211237962966 0.03673621266237998
0 0.5243798097775206 0.3255717221225472 0.053326760316357996 0.029625977953532237
0 0.580076648330161 0.33682959374488947 0.03910629089866253 0.05688187767078189
0 0.6168128609925412 0.06367807701332223 0.03673621266237993 0.04858660384379287
0 0.6636219061591223 0.0630855574542516 0.035551173544238736 0.045031486489369
0 0.5824467265664438 0.17862687147302736 0.0509566820800755 0.03673621266237998
0 0.5308975249272977 0.1478158544013538 0.06399211237962966 0.03436613442609741
0 0.5030491056509774 0.09804421143941962 0.03673621266238002 0.041476369134945124
0 0.5297124858091564 0.05182768583190934 0.06636219061591217 0.027255899717249652
0 0.5652636593533951 0.08737885937614802 0.059251955907064474 0.06043699502520574
0 0.48823611667421124 0.24617410120708083 0.07821258179732506 0.053326760316358045
0 0.46809045166580937 0.18514458662280442 0.06399211237962958 0.030811017071673538
0 0.4467597475392661 0.13418790454272897 0.030811017071673538 0.061622034143347076
0 0.4651278538704562 0.07197335084031127 0.06280707326148838 0.0462165256075103
0 0.40706093708153296 0.10278436791198481 0.04384644737122767 0.04384644737122769
0 0.35847433323774003 0.115819798211539 0.04621652560751026 0.05569683855264059
0 0.4451687145534519 0.3700111834349288 0.039174846880703745 0.04362653402623826
0 0.4692078251393383 0.31614576897396107 0.030271472589634717 0.042736196597131376
0 0.3890774565197169 0.19327920375720836 0.058762270321055625 0.03561349716427616
0 0.40777454253096196 0.14965266973097008 0.028490797731420905 0.042736196597131376
0 0.40421319281453433 0.23957675007076737 0.028490797731420905 0.04807822117177278
0 0.44027185869336394 0.2738547410913832 0.04184585916802445 0.04362653402623826
0 0.49591794801254535 0.2854291276697729 0.05163957088820041 0.031161810018741652
0 0.4122262296764964 0.3228232996922628 0.05163957088820045 0.038284509451596865
0 0.402877686670874 0.39137928173349446 0.06677530718301777 0.038284509451596865
0 0.30360506332545417 0.3709015208640357 0.058762270321055625 0.04362653402623831
0 0.35301879064088737 0.2881001399570937 0.05431058317552111 0.06855598204123159
0 0.3187407996202715 0.23156371320880523 0.06944631947033851 0.030271472589634762
0 0.30805675047098874 0.27162889751861596 0.042736196597131376 0.03383282230606235
0 0.2960371951780455 0.18927268532622732 0.05252990831730729 0.04896855860087971
0 0.2435072868607382 0.16656908088400127 0.047187883742665894 0.040955521738917595
0 0.5822806786359149 0.40696018674286527 0.05163957088820041 0.04451687145534519
0 0.6423784551006313 0.40606984931375834 0.04896855860087971 0.04985889602998668
0 0.6882308326996366 0.4131925487466137 0.055200920604628036 0.04629754631355901
0 0.9304026134167144 0.3588819655710925 0.06944631947033839 0.026710122873207086
0 0.9909455585959839 0.3508689287091304 0.017806748582138057 0.03205214744784853
0 0.9174927206946645 0.38826310073162035 0.05609125803373488 0.021368098298565688
0 0.9379704815641232 0.46661279449302784 0.06499463232480382 0.02492944801499332
0 0.9010214782561864 0.42877345375598436 0.05342024574641417 0.02403911058588639
0 0.9571127362899216 0.5347236078197058 0.04629754631355891 0.04896855860087971
0 0.7389800661587301 0.5026714603718575 0.042736196597131376 0.04362653402623831
0 0.7981875051943393 0.4817485307878451 0.05609125803373497 0.03205214744784858
0 0.8720855118102122 0.49599392965355554 0.050749233459093476 0.02849079773142095
0 0.9691322915828647 0.4091860303156325 0.0436265340262384 0.04362653402623835
0 0.7701418761774719 0.4483608771963364 0.03739417202248998 0.05252990831730725
0 0.8266783029257602 0.3873727633025134 0.05787193289194883 0.033832822306062355
0 0.8151039163473704 0.4238765978958965 0.02225843572767262 0.04451687145534524
0 0.8431495453642377 0.433225140901519 0.023148773156779455 0.04184585916802445
0 0.5760483166321667 0.5084586536610525 0.042736196597131376 0.03383282230606235
0 0.5364283010369095 0.5467431631126491 0.04184585916802445 0.01424539886571043
0 0.5885130406396634 0.5734532859858563 0.06054294517926943 0.03205214744784858
0 0.5845065222086823 0.6290993753050378 0.0703366568994454 0.031161810018741652
0 0.7754839007521133 0.5369494513924732 0.0320521474478485 0.058762270321055673
0 0.8013036861962134 0.5293815832450645 0.035613497164276114 0.03828450945159681
0 0.8351365085022757 0.5774598044168373 0.04985889602998646 0.031161810018741555
0 0.8774275363848537 0.5872535161370134 0.04184585916802454 0.04006518430981068
0 0.9339639631331421 0.5957117217135289 0.033832822306062445 0.04451687145534515
0 0.7287411857239999 0.6397834244543198 0.03650383459338425 0.031161810018743064
0 0.657069022680895 0.6055054334337048 0.03383282230606235 0.03739417202248998
0 0.6459398048170588 0.4866453866479332 0.05609125803373497 0.034723159735169276
0 0.6535076729644673 0.5658854178384476 0.0320521474478485 0.04184585916802445
0 0.7078182561399885 0.5823566602769253 0.03383282230606235 0.039174846880703836
0 0.4874597424360298 0.5231492212413161 0.05252990831730733 0.03294248487695542
0 0.47499501842853314 0.5627692368365735 0.047187883742665936 0.02849079773142095
0 0.4215747726821189 0.5503045128290768 0.04896855860087971 0.039174846880703745
0 0.4331491592605087 0.6086216144355789 0.031161810018741555 0.04896855860087971
0 0.47766603071585384 0.6099571205792393 0.03650383459338305 0.04807822117177278
0 0.3783934073704341 0.6166346512975412 0.05163957088820041 0.031161810018741652
0 0.35568980292820807 0.5819114915623719 0.04362653402623826 0.047187883742665845
0 0.31696012476205776 0.6193056635848617 0.04451687145534519 0.0382845094515969
0 0.2533009985809141 0.6380027495961069 0.04896855860087971 0.02581978544410025
0 0.4465042206971123 0.48219369950239865 0.04006518430981068 0.04006518430981068
0 0.4990341290144195 0.4630514447766002 0.05609125803373497 0.04451687145534524
0 0.2644302164447504 0.4203152481794688 0.05342024574641422 0.03917484688070379
0 0.23682975614243637 0.3944954627353687 0.03561349716427616 0.055200920604628084
0 0.2666560600175176 0.3246039745504767 0.047187883742665894 0.050749233459093525
0 0.20700345226735514 0.30991340697021275 0.04896855860087973 0.04629754631355901
0 0.13755713279701662 0.3335073488415457 0.05431058317552113 0.03294248487695546
0 0.10060812948908014 0.3575464594274322 0.05163957088820044 0.04540720888445207
0 0.1963194031180723 0.27741609080781077 0.0614332826083764 0.05787193289194874
0 0.20299693383637404 0.23334438806701907 0.0730076691867661 0.04451687145534519
0 0.1295440959350545 0.2720740662331694 0.0454072088844521 0.050749233459093476
0 0.0961564423435456 0.2440284372163019 0.05520092060462803 0.05698159546284185
0 0.323192486765806 0.4399026716198208 0.03739417202248994 0.042736196597131376
0 0.40109701181266016 0.4612707699183865 0.05787193289194869 0.02492944801499332
0 0.35969632135918905 0.44390919005080187 0.03205214744784853 0.047187883742665936
0 0.37616756379766686 0.5351687765342593 0.050749233459093525 0.03383282230606235
0 0.36503834593383055 0.5151361843793542 0.04985889602998659 0.031161810018741652
0 0.24217178071707782 0.4870905553624867 0.04985889602998659 0.039174846880703745
0 0.24261694943163128 0.5538658625455046 0.029381135160527837 0.05342024574641427
0 0.2773401091668005 0.5138006782356936 0.04540720888445207 0.04985889602998655
0 0.31562461861839736 0.533833270390599 0.029381135160527837 0.05431058317552111
0 0.20121625897816023 0.6068409395773652 0.04985889602998659 0.05252990831730725
0 0.16115107466834958 0.5828018289914788 0.0480782211717728 0.05431058317552111
0 0.10550498534916809 0.6339962311651257 0.004451687145534514 0.0017806748582138597
0 0.07345283790131955 0.6170798200120946 0.05252990831730731 0.0320521474478485
0 0.07389800661587301 0.5903696971388874 0.058762270321055646 0.035613497164276205
0 0.06722047589757124 0.5529755251163975 0.052529908317307326 0.039174846880703745
0 0.08591756190881622 0.5017811229427506 0.05965260775016256 0.02938113516052779
0 0.18786119754155667 0.5329429329614921 0.03383282230606235 0.04540720888445207
0 0.14289915737165806 0.5075683162319454 0.038284509451596865 0.042736196597131286
0 0.166493099242991 0.4189797420358085 0.03917484688070377 0.0543105831755212
0 0.1406733137988908 0.4554835766291916 0.037394172022489965 0.050749233459093476
0 0.09214992391256455 0.45681908277285194 0.043626534026238284 0.04095552173891761
0 0.09081441776890418 0.3904889443043876 0.042736196597131376 0.034723159735169234
0 0.07256250047221266 0.16701424959855474 0.03472315973516925 0.050749233459093525
0 0.5546802183336009 0.47507100006954345 0.058762270321055673 0.05431058317552111
0 0.025365535932941927 0.15213112813797702 0.04825638543340171 0.032170923622267804
0 0.07733395101506683 0.10263739948833431 0.05815513116333026 0.037120296487232085
0 0.13796376861087922 0.08717060928532094 0.038357639703473154 0.043307012568437414
0 0.1732280502737497 0.10820544396141912 0.059392474379571354 0.0408323261359553
0 0.2084923319366202 0.14161371079992796 0.07300324975822307 0.06557919046077668
0 0.2833515965192049 0.08655193767720039 0.06186716081205347 0.0395949829197142
0 0.29758104350597714 0.14099503919180745 0.03340826683850887 0.054443101514607045
0 0.19055085530112467 0.0723224906904281 0.054443101514607045 0.03588295327099101
0 0.026602879149182992 0.40331180103491415 0.03835763970347315 0.049493728649642764
0 0.028458893973544598 0.48312043848246317 0.042069669352196366 0.05073107186588381
0 0.05444310151460706 0.4330080382246998 0.03959498291971422 0.02969623718978569
0 0.801798404124213 0.633296400201305 0.03959498291971424 0.03712029648723206
0 0.8420120586520476 0.7025876203108048 0.05815513116333029 0.03464561005474986
0 0.7640594360288603 0.6908328597565147 0.04578169900091963 0.03588295327099096
0 0.7925183300024048 0.7168170672975771 0.04578169900091963 0.03588295327099096
0 0.9044978910722218 0.6574245929180058 0.04206966935219634 0.038357639703473154
0 0.880369698355521 0.45883100671131416 0.02350952110858031 0.03217092362226788
0 0.9162526516265119 0.5237915255639704 0.030933580406026683 0.04083232613595524
0 0.8339693277464809 0.7644547811228584 0.054443101514607 0.024746864324821306
0 0.74054991492028 0.7582680650416529 0.06557919046077675 0.03464561005474986
0 0.8333506561383602 0.8318899864079967 0.05568044473084809 0.038357639703473154
0 0.7560167051232933 0.8250845987186708 0.056917787947089196 0.027221550757303703
0 0.9038792194641012 0.8133298381643805 0.04578169900091953 0.028458893973544598
0 0.8945991453422932 0.7644547811228584 0.04206966935219634 0.024746864324821306
0 0.9292447553970432 0.7260971414193851 0.04701904221716062 0.03959498291971415
0 0.9607970074111905 0.7978630479613672 0.038357639703473154 0.03959498291971424
0 0.9818318420872885 0.7496066625279656 0.025984207541062607 0.03712029648723206
0 0.7906623151780434 0.8962318336525322 0.051968415082125005 0.040832326135955145
0 0.8401560438276862 0.8999438633012555 0.04701904221716062 0.04578169900091953
0 0.900167189815378 0.873959655760193 0.05320575829836591 0.05073107186588371
0 0.93728748630261 0.8325086580161173 0.03340826683850887 0.04701904221716062
0 0.6861068134056729 0.7285718278518672 0.048256385433401716 0.06186716081205357
0 0.6997175887843248 0.6796967708103451 0.05073107186588391 0.025984207541062503
0 0.5648471782140482 0.7347585439330727 0.04330701256843743 0.017322805027375144
0 0.5926874005794722 0.7161983956894566 0.04454435578467853 0.017322805027375144
0 0.6347570699316685 0.7687854823797021 0.05196841508212491 0.023509521108580414
0 0.6681653367701776 0.8151858529887421 0.04949372864964281 0.01979749145985712
0 0.6279516822423428 0.8467381050028894 0.053205758298366004 0.025984207541062402
0 0.5753645955520972 0.8665355964627466 0.0272215507573035 0.03588295327099096
0 0.7294138259741105 0.8807650434495189 0.048256385433401716 0.02969623718978569
0 0.7059043048655288 0.8455007617866478 0.05815513116333021 0.02845889397354474
0 0.3662535920073565 0.715579724081336 0.05196841508212491 0.03588295327099117
0 0.4194593503057225 0.6994942622702023 0.05196841508212491 0.048256385433401716
0 0.4776144814690527 0.7458946328792423 0.06434184724453561 0.0272215507573035
0 0.45286761714423135 0.7681668107715816 0.05196841508212485 0.02474686432482151
0 0.4206966935219636 0.8083804652994161 0.0395949829197142 0.043307012568437345
0 0.3903817847240574 0.8411700605298047 0.04330701256843743 0.04949372864964281
0 0.5289642249430572 0.7830149293664743 0.06062981759581247 0.0272215507573035
0 0.48565721237461973 0.6926888745808764 0.048256385433401716 0.03464561005474986
0 0.5394816422811064 0.6840274720671887 0.056917787947089196 0.03464561005474996
0 0.5926874005794721 0.6827901288509477 0.06186716081205347 0.029696237189785587
0 0.33284532516884774 0.7960070331370056 0.06434184724453561 0.03588295327099096
0 0.2264338085721157 0.8102364801237778 0.06186716081205347 0.0272215507573035
0 0.14353181308396404 0.8096178085156573 0.05939247437957133 0.040832326135955145
0 0.11692893393478104 0.8455007617866482 0.025984207541062464 0.04330701256843754
0 0.4918439284558252 0.8919011323956885 0.04578169900091953 0.03217092362226768
0 0.41419631093544135 0.9720026350461134 0.05434782608695652 0.03293807641633719
0 0.3186758893280633 0.9440052700922262 0.0510540184453228 0.029644268774703577
0 0.16469038208168643 0.9571805006587616 0.05270092226613967 0.036231884057971016
0 0.10704874835309618 0.9489459815546769 0.03623188405797103 0.039525691699604834
0 0.30138339920948615 0.9868247694334652 0.036231884057971016 0.026350461133069755
0 0.2099802371541502 0.9794137022397892 0.0510540184453228 0.04117259552042165
0 0.7542819499341238 0.9398880105401846 0.0691699604743083 0.0345849802371541
0 0.9436758893280631 0.9316534914361001 0.05270092226613951 0.037878787878787824
0 0.19680500658761532 0.879776021080369 0.05105401844532278 0.05270092226613971
0 0.5615942028985506 0.9423583662714096 0.0691699604743083 0.026350461133069956
