0 0.37553366612916456 0.5027283669767947 0.02103483467609817 0.02227217789233932
0 0.4089419329676734 0.49159227803062516 0.02350952110858031 0.02969623718978569
0 0.4435875430224233 0.5113897694904821 0.016085461811133885 0.01979749145985712
0 0.43368879729249477 0.5454167079371116 0.02103483467609817 0.02103483467609812
0 0.34150672768253515 0.5466540511533527 0.024746864324821358 0.013610775378651851
0 0.35202414502058427 0.5707822438700536 0.025984207541062454 0.01979749145985712
0 0.28273292491108437 0.5410860066802679 0.01856014824361603 0.02474686432482151
0 0.37305897969668245 0.4445732358134644 0.03340826683850887 0.024746864324821358
0 0.31242916210087 0.46375205566520106 0.02103483467609817 0.025984207541062503
0 0.29448768546537457 0.4371491765160181 0.024746864324821358 0.022272177892339266
0 0.2647914482755888 0.41302098379931723 0.01732280502737498 0.028458893973544598
0 0.25736738897814243 0.5497474091939553 0.022272177892339217 0.01732280502737493
0 0.2678848063161915 0.507677739841759 0.011136088946169609 0.02227217789233911
0 0.22148443570715146 0.44395456420534396 0.012373432162410703 0.02350952110858031
0 0.19550022816608895 0.4742694730032501 0.024746864324821382 0.014848118594892741
0 0.21158568997722288 0.5361366338153037 0.02227217789233924 0.01979749145985712
0 0.24561262842385229 0.5324246041665804 0.01856014824361603 0.014848118594892741
0 0.18312679600367826 0.5311872609503393 0.0197974914598571 0.01979749145985712
0 0.18931351208488362 0.5132457843148438 0.014848118594892845 0.023509521108580414
0 0.16456664776006225 0.514483127531085 0.012373432162410703 0.01856014824361603
0 0.15281188720577205 0.5466540511533526 0.00866140251368749 0.028458893973544598
0 0.20292428746353536 0.576968959951259 0.0197974914598571 0.012373432162410653
0 0.16271063293570062 0.5670702142213303 0.01856014824361606 0.014848118594892845
0 0.151574543989531 0.5058217250173975 0.00866140251368749 0.01856014824361603
0 0.17013469223314703 0.4377678481241386 0.016085461811133885 0.01856014824361603
0 0.19550022816608895 0.4272504307860895 0.014848118594892845 0.01979749145985712
0 0.1534305588138926 0.4519972951109109 0.014848118594892845 0.019797491459857076
0 0.6050608327418829 0.507677739841759 0.0272215507573035 0.014848118594892948
0 0.5580417905247221 0.507677739841759 0.012373432162410755 0.01732280502737493
0 0.5314389113755393 0.5522220956264375 0.01608546181113394 0.012373432162410653
0 0.5605164769572043 0.5534594388426786 0.017322805027375036 0.012373432162410755
0 0.6056795043500034 0.5553154536670402 0.02350952110858031 0.01113608894616966
0 0.6793014257163472 0.551603424018317 0.022272177892339217 0.01361077537865175
0 0.4838011975502582 0.5546967820589195 0.012373432162410653 0.0272215507573035
0 0.4782331530771733 0.47860017426009394 0.02350952110858031 0.01608546181113394
0 0.6768267392838648 0.6190386293034553 0.02227217789233932 0.01979749145985712
0 0.6625972922970926 0.7044153112240892 0.01608546181113384 0.01732280502737493
0 0.7226084382847846 0.6938978938860398 0.014848118594892845 0.01608546181113384
0 0.6254769958098606 0.49159227803062505 0.01608546181113394 0.01979749145985712
0 0.6390877711885123 0.49406696446310727 0.01113608894616966 0.02227217789233932
0 0.6322823834991865 0.5466540511533526 0.012373432162410653 0.01608546181113394
0 0.6904375146625167 0.49963500893619206 0.012373432162410755 0.01608546181113394
0 0.6749707244595036 0.5027283669767947 0.01361077537865175 0.014848118594892741
0 0.6564105762158874 0.5163391423554464 0.01361077537865175 0.019797491459857024
0 0.7294138259741103 0.6642016566962542 0.01608546181113384 0.01856014824361603
0 0.7597287347720166 0.6747190740343033 0.019797491459857024 0.012373432162410755
0 0.7801448978399942 0.6679136863449774 0.01608546181113394 0.01608546181113394
0 0.7219897666766638 0.5806809895999822 0.01608546181113394 0.01979749145985712
0 0.7145657073792177 0.635124091114589 0.01608546181113384 0.01979749145985712
0 0.6885814998381551 0.6957539087104015 0.008661402513687572 0.017322805027375036
0 0.674352052851383 0.6988472667510044 0.014848118594892845 0.02103483467609822
0 0.6663093219458159 0.7372049064544774 0.01113608894616966 0.02350952110858031
0 0.5827886548495437 0.7192634298189818 0.014848118594892845 0.00989874572992856
0 0.6044421611337625 0.7211194446433435 0.01856014824361603 0.01608546181113394
0 0.4819451827258966 0.6833804765479908 0.01856014824361603 0.012373432162410755
0 0.4838011975502582 0.6666763431287365 0.019797491459857024 0.01361077537865175
0 0.4831825259421376 0.6524468961419642 0.02350952110858031 0.014848118594892845
0 0.5363882842405036 0.7161700717783792 0.01608546181113394 0.025984207541062503
0 0.5351509410242626 0.6444041652363972 0.01856014824361603 0.01856014824361603
0 0.4095606045757939 0.7489596670087676 0.022272177892339217 0.014848118594892845
0 0.4089419329676734 0.7229754594677053 0.028458893973544598 0.01979749145985712
0 0.4206966935219636 0.6957539087104015 0.019797491459857076 0.022272177892339217
0 0.39656850080526274 0.6982285951428837 0.01856014824361608 0.01732280502737493
0 0.36192289075051287 0.747103652184406 0.01856014824361603 0.02103483467609822
0 0.2845889397354459 0.6945165654941604 0.024746864324821358 0.022272177892339217
0 0.2567487173700219 0.7211194446433435 0.028458893973544598 0.01608546181113394
0 0.5370069558486241 0.5819183328162231 0.014848118594892845 0.012373432162410755
0 0.5085480618750795 0.5627395129644865 0.014848118594892845 0.01608546181113394
0 0.7318885124065925 0.5268565596934957 0.01856014824361603 0.02350952110858021
0 0.7925183300024048 0.5311872609503393 0.01608546181113394 0.01979749145985712
0 0.768390137285704 0.5379926486396651 0.01732280502737493 0.01361077537865175
0 0.20230561585541484 0.684617819764232 0.01856014824361603 0.01979749145985712
0 0.178177423138714 0.7161700717783792 0.014848118594892821 0.01856014824361603
0 0.1528118872057721 0.6697697011693391 0.025984207541062454 0.01979749145985712
0 0.321709236222678 0.7402982644950801 0.01979749145985712 0.01732280502737493
0 0.33346399677696825 0.6982285951428837 0.01608546181113394 0.01732280502737493
0 0.35511750306118695 0.695135237102281 0.01732280502737493 0.01608546181113394
0 0.35759218949366905 0.724212802683946 0.012373432162410703 0.012373432162410653
0 0.6452744872697177 0.6802871185073883 0.01608546181113394 0.01856014824361603
0 0.6706400232026596 0.6660576715206159 0.022272177892339217 0.012373432162410653
0 0.4404941849818207 0.2837186177021254 0.024746864324821406 0.01979749145985712
0 0.412035291008276 0.2472169928230139 0.014848118594892793 0.02350952110858031
0 0.36439757718299487 0.2453609779986523 0.025984207541062503 0.022272177892339266
0 0.356354846277428 0.2676331558909915 0.027221550757303547 0.024746864324821406
0 0.3384133696419325 0.2874306473508486 0.01608546181113394 0.027221550757303547
0 0.3971871724133833 0.2775319016209201 0.027221550757303547 0.019797491459857076
0 0.3996618588458654 0.302897437553862 0.022272177892339266 0.01608546181113384
0 0.25179934450505764 0.22123278528195145 0.02350952110858031 0.02350952110858031
0 0.3016304347826087 0.2898550724637682 0.019927536231884053 0.018115942028985508
0 0.3143115942028986 0.27355072463768115 0.019927536231884053 0.021739130434782608
0 0.31250000000000006 0.2518115942028985 0.016304347826086956 0.021739130434782608
0 0.302536231884058 0.23369565217391305 0.014492753623188406 0.014492753623188406
0 0.322463768115942 0.1793478260869565 0.014492753623188406 0.021739130434782608
0 0.375 0.2155797101449275 0.036231884057971016 0.018115942028985508
0 0.4411231884057971 0.19021739130434784 0.03079710144927537 0.039855072463768106
0 0.3876811594202899 0.16213768115942032 0.021739130434782608 0.019927536231884053
0 0.3532608695652174 0.14402173913043478 0.028985507246376812 0.023550724637681163
0 0.2971014492753623 0.15579710144927536 0.021739130434782608 0.021739130434782608
0 0.30344202898550726 0.125 0.023550724637681163 0.021739130434782608
0 0.31702898550724645 0.1467391304347826 0.021739130434782608 0.021739130434782608
0 0.26721014492753625 0.18568840579710144 0.034420289855072464 0.023550724637681163
0 0.22101449275362317 0.17572463768115942 0.028985507246376812 0.021739130434782608
0 0.37047101449275366 0.19202898550724637 0.034420289855072464 0.025362318840579712
0 0.3414855072463768 0.19112318840579712 0.016304347826086956 0.019927536231884053
0 0.42572463768115937 0.1358695652173913 0.043478260869565216 0.03260869565217391
0 0.2355072463768116 0.25452898550724634 0.036231884057971016 0.02717391304347826
0 0.20380434782608695 0.27536231884057977 0.012681159420289856 0.018115942028985508
0 0.2536231884057972 0.2753623188405797 0.014492753623188406 0.028985507246376812
0 0.279891304347826 0.27083333333333326 0.019927536231884053 0.02717391304347826
0 0.21739130434782608 0.282608695652174 0.025362318840579677 0.018115942028985407
0 0.1585144927536232 0.2726449275362318 0.02717391304347826 0.03079710144927537
0 0.17572463768115945 0.23731884057971014 0.014492753623188406 0.018115942028985508
0 0.1829710144927536 0.19655797101449277 0.021739130434782608 0.02717391304347826
0 0.1802536231884058 0.16213768115942032 0.02717391304347826 0.016304347826086956
0 0.2518115942028985 0.14402173913043476 0.018115942028985508 0.03079710144927537
0 0.22554347826086957 0.13768115942028983 0.012681159420289856 0.018115942028985508
0 0.15851449275362323 0.1476449275362319 0.012681159420289856 0.016304347826086956
0 0.15579710144927536 0.1286231884057971 0.010869565217391304 0.014492753623188406
0 0.5370069558486241 0.19557414792606473 0.014848118594892845 0.014848118594892821
0 0.47823315307717335 0.1949554763179442 0.011136088946169555 0.02103483467609817
0 0.5060733754425973 0.181963372547413 0.012373432162410653 0.0197974914598571
0 0.4930812716720661 0.13618167354649344 0.01361077537865175 0.014848118594892845
0 0.47823315307717335 0.11390949565415416 0.008661402513687464 0.017322805027374974
0 0.5190654792131286 0.10710410796482828 0.02103483467609822 0.016085461811133885
0 0.5431936719298295 0.11947754012723898 0.014848118594892741 0.028458893973544605
0 0.59021271414699 0.1961928195341853 0.02227217789233932 0.01361077537865175
0 0.5691778794708919 0.20856625169659598 0.019797491459857024 0.016085461811133885
0 0.5493803880110348 0.22960108637269414 0.01979749145985712 0.018560148243616004
0 0.5963994302281956 0.2506359210487923 0.01732280502737493 0.016085461811133885
0 0.5370069558486241 0.264246696427444 0.014848118594892845 0.02103483467609822
0 0.6675466651620571 0.2135156245615602 0.02103483467609822 0.016085461811133916
0 0.6149595784718114 0.2401185037107432 0.01979749145985712 0.0197974914598571
0 0.7702461521100658 0.18010735772305136 0.02350952110858031 0.02103483467609817
0 0.7257017963253871 0.12999495746528805 0.01608546181113394 0.032170923622267804
0 0.6663093219458159 0.13618167354649338 0.01361077537865175 0.024746864324821382
0 0.7195150802441819 0.26548403964368505 0.01608546181113384 0.02350952110858031
0 0.6557919046077668 0.26734005446804676 0.014848118594892845 0.024746864324821406
0 0.6025861463094008 0.2809508298466985 0.017322805027375036 0.012373432162410653
