0 0.3512623097345514 0.6985826932798763 0.03988131027553863 0.030677930981183613
0 0.3103584017596401 0.6893793139855213 0.03170052868055632 0.0368135171774203
0 0.3829628384151078 0.7353962104572966 0.04397170107302973 0.05522027576613033
0 0.37836114876793026 0.7901051873737405 0.04499429877240255 0.03579091947804737
0 0.42437804523970546 0.733351015058551 0.059310666563621536 0.03885871257616571
0 0.46425935551524417 0.69807139443019 0.0368135171774203 0.060333264262994304
0 0.4182424590434688 0.6878454174364621 0.032723126379929135 0.04192650567428415
0 0.3763159533691847 0.6760855438936751 0.038858712576165806 0.030677930981183613
0 0.4192650567428416 0.6459189117621779 0.036813517177420235 0.04192650567428415
0 0.38091764301636216 0.6392720267162549 0.027610137883065166 0.032723126379929135
0 0.5210135278304336 0.6750629461943024 0.04806209187052084 0.04294910337365697
0 0.4944259876467414 0.6392720267162549 0.037836114876793 0.04908468956989375
0 0.4443187003774748 0.6157522796306809 0.037836114876793 0.04499429877240249
0 0.38960972346103084 0.6060376014866393 0.05931066656362148 0.03170052868055632
0 0.5322621025235342 0.6356929347684501 0.05828806886424867 0.027610137883065166
0 0.4949372864964277 0.5814952567016927 0.04090390797491135 0.05624287346550314
0 0.4504542865737113 0.5748483716557694 0.031700528680556006 0.0470394941711481
0 0.6381009644086126 0.6377381301671936 0.03272312637993142 0.043971701073032776
0 0.5522027576613014 0.542636544125525 0.0409039079749131 0.04601689647177553
0 0.6825839643313334 0.5477495326223907 0.03170052868055632 0.04397170107302979
0 0.547601068014126 0.5963229233425981 0.033745724079301855 0.05112988496863928
0 0.6304314816633216 0.5462156360733315 0.03170052868055632 0.049084689569893654
0 0.5936179644859014 0.6561448887559058 0.04806209187052084 0.04601689647177531
0 0.4867565049014433 0.5232071878374429 0.04908468956988983 0.03988131027554037
0 0.535841194471339 0.4603174293260176 0.032723126379929135 0.0531750803673848
0 0.5813467920934279 0.46849821092099986 0.03988131027553863 0.04499429877240249
0 0.4473864934755932 0.5114473142946568 0.027610137883065215 0.04499429877240249
0 0.41670856249440974 0.5651336935117282 0.04601689647177531 0.033745724079301855
0 0.396256608506954 0.5329218659814853 0.023519747085574062 0.044994298772402595
0 0.3619995855779657 0.5717805785576512 0.04499429877240249 0.03476832177867465
0 0.3630221832773385 0.5395687510274084 0.036813517177420235 0.04192650567428415
0 0.3742707579704391 0.4996874407518698 0.02863273558243798 0.04397170107302968
0 0.3328555511458414 0.48179198101284604 0.05624287346550314 0.047039494171148125
0 0.3251860684005454 0.5359896590796036 0.04499429877240249 0.03476832177867465
0 0.3072906086615217 0.5625771992632962 0.04192650567428415 0.03476832177867476
0 0.2847934592753205 0.596322923342598 0.060333264262994304 0.04090390797491135
0 0.31700528680556317 0.636715532467823 0.04090390797491139 0.04601689647177531
0 0.3369459419433325 0.5978568198916572 0.02965533328181074 0.029655333281810792
0 0.25258163174507775 0.6382494290168822 0.05112988496863922 0.030677930981183613
0 0.23775396510417238 0.6745516473446159 0.060333264262994304 0.03988131027553863
0 0.2357087697054268 0.7001165898289355 0.052152482668012014 0.03579091947804737
0 0.23161837890793568 0.7251702334635688 0.037836114876793 0.03272312637992904
0 0.1886692755342787 0.7507351759478884 0.05624287346550314 0.02863273558243798
0 0.18099979278898284 0.7169894518685865 0.047039494171148076 0.0306779309811835
0 0.19224836748208343 0.6868228197370894 0.05522027576613035 0.03579091947804748
0 0.14265237906250341 0.7139216587704681 0.023519747085574038 0.05522027576613033
0 0.08794340214605946 0.773743624183776 0.049084689569893654 0.03988131027553863
0 0.15799134455309521 0.8013537620668412 0.052152482668011986 0.03170052868055632
0 0.14623147101030817 0.8427689688914388 0.053175080367384775 0.03476832177867465
0 0.06442365506048542 0.8652661182776403 0.036813517177420235 0.044994298772402595
0 0.035790919478047446 0.8028876586159004 0.05112988496863921 0.044994298772402394
0 0.06493495391017151 0.7313058196598008 0.057194206945477985 0.03438670110832419
0 0.09042806101891564 0.6788920405291015 0.01859268544314153 0.03295976055829629
0 0.031692077459900346 0.6767792353651079 0.05155244600143789 0.03211463849269902
0 0.12254269951161445 0.6615670381843556 0.05915854459181367 0.028734150230310056
0 0.11451403988843989 0.6979072870050415 0.046481713607853845 0.03211463849269902
0 0.10479513613407047 0.6218463011012808 0.03887561501747777 0.03042439436150439
0 0.04605915257505517 0.6290298386588582 0.04817195773904852 0.029579272295907018
0 0.07606098590376081 0.652270695462785 0.03549512675508839 0.023663417836725632
0 0.14493843424994424 0.6243816672980728 0.05831342252621662 0.037185370886283035
0 0.18803965959540872 0.5931121508709711 0.03803049295188041 0.03211463849269892
0 0.28100308681111635 0.5216993363279956 0.03295976055829634 0.05493293426382729
0 0.246775643154424 0.5462078762303186 0.023663417836725584 0.04817195773904853
0 0.21930917602251035 0.55846214618148 0.01605731924634951 0.054087812198229814
0 0.20113905161216752 0.5449401931319224 0.02704390609911496 0.04732683567345117
0 0.15634758213550837 0.5643780006406613 0.025353661967920296 0.04225610327986705
0 0.11662684505243327 0.5669133668374534 0.03718537088628306 0.042256103279867153
0 0.030001833328705655 0.5762097095590242 0.03295976055829636 0.03887561501747777
0 0.016057319246349504 0.5969152001661591 0.03042439436150432 0.03803049295188041
0 0.14705123941393758 0.49085238093369266 0.05746830046061929 0.04056585914867241
0 0.2040969788417582 0.44986396075222146 0.051552446001437886 0.05493293426382719
0 0.24550796005602799 0.4574700593425975 0.03634024882068572 0.07014513144457943
0 0.2852286971391031 0.433806641505872 0.03803049295188041 0.04817195773904853
0 0.3232591900909835 0.40211456404597157 0.05662317839502192 0.03887561501747772
0 0.2907219905654858 0.37084504761887 0.05239756806703524 0.04901707980464585
0 0.23367625113766521 0.3569005335365138 0.04817195773904853 0.03972073708307509
0 0.19226526992339543 0.3661968762580846 0.0498622018702432 0.05493293426382729
0 0.14155794598755486 0.42324261568590515 0.05324269013263259 0.06084878872300867
0 0.09761159857649289 0.44521578939143597 0.051552446001438226 0.03380488262389414
0 0.15972807039789771 0.3839444396356288 0.04394634741106182 0.03803049295188041
0 0.12381038261001066 0.3628163879956952 0.03465000468949105 0.04479146947665916
0 0.07901891313335152 0.3805639513732394 0.038030492951880414 0.05662317839502192
0 0.025353661967920275 0.3780285851764474 0.03718537088628307 0.05662317839502198
0 0.043523786378263124 0.3509846790773324 0.041410981214269775 0.031269516427101705
0 0.043946347411061806 0.45620237624420157 0.03549512675508839 0.04563659154225648
0 0.07394818073976747 0.5026840898520554 0.0498622018702432 0.028734150230309646
0 0.0705676924773781 0.5631103175422651 0.03803049295188041 0.03634024882068577
0 0.1085981854292585 0.5170511649672102 0.02957927229590699 0.03042439436150428
0 0.09803415960929172 0.47141457342495374 0.06084878872300864 0.03380488262389366
0 0.06380671595259935 0.5305731180167678 0.061693910788606 0.028734150230309646
0 0.02450853990232293 0.501838967786458 0.03718537088628307 0.04394634741106178
0 0.009296342721570766 0.45155420488341624 0.016902441311946848 0.039720737083075136
0 0.152967093873119 0.526347507688781 0.04225610327986713 0.023663417836725632
0 0.18127868307062997 0.5098676274096329 0.024508539902322924 0.03972073708307503
0 0.015634758213550835 0.7257963151697537 0.03126951642710167 0.04732683567345117
0 0.3241043121565808 0.7384731461537141 0.03126951642710165 0.04056585914867241
0 0.28142564784391505 0.7283316813665458 0.030424394361504334 0.03887561501747777
0 0.518059826211171 0.7541079043672648 0.04056585914867241 0.043101225345464525
0 0.5467939764414804 0.7173450945137805 0.0490170798046458 0.03380488262389377
0 0.4631268919473437 0.47817554994973244 0.055778056329424654 0.03549512675508839
0 0.4149549342082952 0.4629633527689803 0.03887561501747777 0.05239756806703524
0 0.37650188022361614 0.3623938269628965 0.05155244600143786 0.04056585914867247
0 0.4487598168321888 0.36408407109409124 0.04563659154225653 0.04225610327986709
0 0.42044822763467793 0.3480267518477417 0.04817195773904853 0.025353661967920268
0 0.4842549435872773 0.3843670006684274 0.04732683567345117 0.050707323935840536
0 0.5383427557855072 0.3826767565372328 0.05577805632942456 0.033804882623893716
0 0.5729927604749981 0.3480267518477417 0.0625390328542033 0.023663417836725584
0 0.5324269013263258 0.4147913950299318 0.045636591542256424 0.025353661967920268
0 0.4673525022753304 0.4532444490146109 0.05746830046061929 0.03465000468949108
0 0.48679030978406923 0.42535542084989847 0.06760976524778738 0.04986220187024317
0 0.6355317933292014 0.4135237119315358 0.04394634741106178 0.046481713607853845
0 0.6473635022475642 0.5031066508848541 0.045636591542256424 0.021128051639933525
0 0.6663787487235047 0.47648530581853776 0.06507439905099531 0.03549512675508835
0 0.6760976524778739 0.43929993493225467 0.06084878872300867 0.03549512675508839
0 0.6211647182140467 0.46042798657218825 0.037185370886283035 0.01690244131194683
0 0.6139811806564692 0.43929993493225467 0.04479146947665916 0.02197317370553089
0 0.7065220468393782 0.36788712038927934 0.0490170798046458 0.03803049295188041
0 0.7022964365113915 0.5884639795101857 0.042256103279867153 0.02281829577112816
0 0.6275031337060267 0.6725536250371212 0.03295976055829639 0.018592685443141518
0 0.6275031337060267 0.717767655546579 0.04479146947665916 0.03295976055829639
0 0.5886275186885491 0.7359377799569219 0.014367075115154875 0.050707323935840536
0 0.5573580022614473 0.7583335146952515 0.03465000468949104 0.04141098121426978
0 0.6152488637548653 0.7765036391055944 0.045636591542256424 0.020282929574336257
0 0.6917324106914248 0.6970621649394443 0.04986220187024328 0.04056585914867241
0 0.6849714341666462 0.6543835006267784 0.03634024882068577 0.03803049295188041
0 0.7137055843969555 0.6252267893636702 0.04817195773904853 0.03887561501747777
0 0.6870842393306394 0.7684749794824196 0.04225610327986705 0.03295976055829629
0 0.6520116736083496 0.7443890006128953 0.03295976055829639 0.037185370886283146
0 0.7432848566928628 0.7232609489729618 0.03465000468949104 0.04225610327986705
0 0.5907403238525424 0.5500109255255066 0.03211463849269902 0.04225610327986705
0 0.6004592276069107 0.6133950804453069 0.029579272295905082 0.035495126755088854
0 0.5907403238525424 0.588041418477387 0.042256103279867153 0.023663417836725632
0 0.5734153215077968 0.6159304466420993 0.022818295771128264 0.027043906099114907
0 0.6853939951994447 0.725373754136955 0.045636591542256424 0.01774756337754425
0 0.7656805914311922 0.764249369154433 0.05746830046061929 0.02619878403351774
0 0.7923019364975085 0.7186127776121765 0.051552446001437914 0.029579272295906914
0 0.7584970538736148 0.6873432611850748 0.02619878403351754 0.03803049295188051
0 0.7496232721848418 0.6079017870189244 0.05577805632942267 0.022818295771128847
0 0.7437074177256613 0.5694487330342453 0.042256103279867153 0.049017079804645904
0 0.7259598543481173 0.5056420170816461 0.0490170798046458 0.03295976055829639
0 0.7251147322825199 0.4790206720153298 0.02704390609911501 0.04394634741106178
0 0.7492007111520419 0.43296151944027467 0.0498622018702477 0.04141098121426982
0 0.802020840251878 0.4616956696705843 0.06422927698539804 0.021128051639933525
0 0.8041336454158713 0.4988810405568674 0.04817195773904853 0.03803049295188041
0 0.7555391266440242 0.47310481755614847 0.037185370886283146 0.03211463849269902
0 0.7813153496447431 0.5681810499358494 0.02619878403351754 0.04310122534546443
0 0.8201909646622209 0.599450566362951 0.05831342252621666 0.03465000468949104
0 0.8062464505798647 0.6721310640043225 0.045636591542256424 0.03465000468949104
0 0.753003760447232 0.6379036203476303 0.04732683567345117 0.03211463849269902
0 0.8806171923524309 0.5631103175422653 0.03380488262389366 0.044791469476659046
0 0.900900121926767 0.5284603128527743 0.03549512675508839 0.053242690132632546
0 0.9376629317802515 0.5115578715408275 0.061693910788606046 0.03465000468949112
0 0.9144220749763246 0.46507615793297363 0.049017079804645904 0.03465000468949104
0 0.8818848754508269 0.3763383410452527 0.03126951642710165 0.0600036666574113
0 0.9325921993866675 0.3691548034876753 0.03295976055829629 0.05408781219822992
0 0.8446995045645438 0.4211298105219118 0.03295976055829629 0.04141098121426978
0 0.8831525585492227 0.43084871427628124 0.049017079804645904 0.03211463849269902
0 0.8734336547948535 0.4532444490146109 0.06338415491980076 0.03295976055829634
0 0.8666726782700747 0.49507799126167934 0.03803049295188041 0.037185370886283035
0 0.8510379200565238 0.5335310452463584 0.038875615017477674 0.04986220187024317
0 0.9461141524362248 0.5669133668374534 0.046481713607853796 0.04056585914867241
0 0.9794964740273175 0.6277621555604618 0.03718537088628679 0.04056585914867331
0 0.9076610984515459 0.6383261813804288 0.03211463849269902 0.04986220187024317
0 0.922873295632298 0.6772017963979066 0.049017079804645904 0.046481713607853796
0 0.9520300068954063 0.6357908151836367 0.032959760558296504 0.04141098121426978
0 0.9680873261417559 0.6776243574307053 0.03972073708307503 0.03887561501747777
0 0.9668196430433597 0.719035338644975 0.040565859148672515 0.03887561501747777
0 0.9486495186330169 0.7600237588264461 0.03634024882068577 0.03803049295188041
0 0.917802563238714 0.7486146109408821 0.037185370886283146 0.05408781219822992
0 0.8810397533852294 0.7701652236136143 0.03634024882068566 0.03972073708307503
0 0.8785043871884374 0.7266414372353512 0.039720737083075136 0.04394634741106178
0 0.841741577334953 0.6772017963979066 0.03042439436150439 0.05662317839502192
0 0.8751238989260481 0.6493127682331944 0.02788902816471238 0.056623178395021824
0 0.7982177909566899 0.4004243199147769 0.03803049295188041 0.04056585914867247
0 0.9655519599449637 0.43591944666986526 0.05831342252621656 0.042256103279867153
0 0.6714876033057849 0.32517666690491503 0.03742963229129239 0.04491555874955085
0 0.7044256797221223 0.28100970080119 0.04341837345789925 0.04940711462450589
0 0.6190861180979758 0.2682836258221507 0.04341837345789914 0.04790992933285423
0 0.5734219667025989 0.2593005140722405 0.03593244699964062 0.05689304108276441
0 0.574170559348425 0.3102048139883981 0.05839022637441607 0.03293807641633724
0 0.686459456222302 0.21363636267686378 0.04940711462450589 0.03742963229129239
0 0.6909510120972571 0.16797221128148712 0.04940711462450589 0.04192118816624745
0 0.7321236076176787 0.1896813980104367 0.05389867049946098 0.04940711462450591
0 0.7553299796382799 0.24283147586407183 0.04042400287459581 0.04192118816624745
0 0.8032399089711342 0.18743562007295914 0.06437896754102283 0.044915558749550825
0 0.8638759132830279 0.2016588803436502 0.06887052341597802 0.0643789675410229
0 0.9387351778656127 0.17845250832304893 0.05988741166606774 0.056893041082764384
0 0.9275062881782249 0.2405856979265943 0.04940711462450589 0.0553958557911127
0 0.808480057491915 0.30047310959266205 0.05090429991615766 0.04341837345789914
0 0.36456461851718763 0.3191879257383083 0.04341837345789914 0.035932446999640676
0 0.35633009941310334 0.27726673757206083 0.04491555874955085 0.04790992933285423
0 0.4431668463289016 0.276518144926235 0.06288178224937116 0.02844652054138215
0 0.4618816624745478 0.3176907404466565 0.04042400287459581 0.029943705833033917
0 0.5292550005988741 0.2929871831344036 0.04042400287459581 0.04641274404120251
0 0.4955683315367109 0.30197029488431376 0.05090429991615766 0.04641274404120257
0 0.6056114504731104 0.17171517451061633 0.052401485207809316 0.03742963229129236
0 0.6348065636603185 0.13653132015680153 0.05090429991615766 0.032938076416337295
0 0.6999341238471674 0.10808479961541932 0.04940711462450589 0.04192118816624745
0 0.735866570846808 0.11781650401115532 0.049407114624506 0.04341837345789914
0 0.8309378368666905 0.10434183638629008 0.059887411666067834 0.03443526170798897
0 0.8474068750748591 0.14401724661506 0.05090429991615755 0.02994370583303387
0 0.784525092825488 0.15075458042749262 0.03892681758294405 0.04042400287459573
0 0.8938196191160618 0.08487842759481806 0.029943705833033973 0.052401485207809316
0 0.9649359204695174 0.10434183638629008 0.055395855791112746 0.03443526170798897
0 0.3166546891843334 0.24133429057242015 0.03443526170798897 0.04192118816624748
0 0.2814708348305186 0.2645406625930214 0.04192118816624743 0.04341837345789914
0 0.29195113187208044 0.3042160728217913 0.059887411666067786 0.032938076416337295
0 0.22532638639358005 0.30197029488431376 0.04641274404120254 0.03443526170798897
0 0.8301892442208646 0.34688585363386465 0.04641274404120257 0.03742963229129239
0 0.5090429991615761 0.22411665971842568 0.03892681758294405 0.02545214995807883
0 0.5359923344113067 0.19716732446869517 0.05090429991615755 0.028446520541382206
0 0.42295484489160373 0.2488202170306786 0.0553958557911127 0.026949335249730543
0 0.45664151395376684 0.1821954715521782 0.02994370583303387 0.0553958557911127
0 0.48209366391184566 0.1582405068857511 0.032938076416337295 0.04641274404120251
0 0.5494670020361719 0.13353694957349813 0.04192118816624748 0.035932446999640676
0 0.5494670020361719 0.17171517451061633 0.04192118816624748 0.0224577793747754
0 0.8002455383878306 0.25406036555145955 0.04341837345789925 0.03144089112468558
0 0.8099772427835669 0.2375913273432909 0.041921188166247375 0.03742963229129239
0 0.8938196191160617 0.3124505919258756 0.032938076416337295 0.03144089112468558
0 0.8586357647622468 0.2974787390093587 0.028446520541382206 0.04341837345789914
0 0.8601329500538987 0.24582584644737523 0.03742963229129228 0.029943705833033917
0 0.8840879147203258 0.2645406625930214 0.049407114624506 0.04341837345789914
0 0.7665588693256676 0.3446400756963871 0.04491555874955091 0.035932446999640676
0 0.9567014013654329 0.3408971124672578 0.0449155587495507 0.03443526170798897
0 0.1452269732902144 0.29373577578022947 0.05389867049946101 0.0389268175829441
0 0.14896993651934362 0.2593005140722404 0.025452149958078804 0.0449155587495508
0 0.055395855791112704 0.28400407138449346 0.04192118816624745 0.03443526170798901
0 0.07186489399928134 0.3102048139883981 0.044915558749550846 0.02694933524973049
0 0.38028506407953044 0.22037369648929642 0.035932446999640676 0.032938076416337295
0 0.4034914361001317 0.20839621415608284 0.03144089112468558 0.03892681758294405
0 0.42594921547490705 0.19791591711452095 0.03443526170798897 0.04491555874955085
0 0.2664989819140017 0.13727991280262739 0.035932446999640676 0.05240148520780929
0 0.2919511318720804 0.20465325092695366 0.035932446999640676 0.04042400287459577
0 0.32189483770511435 0.12754820840689135 0.02694933524973049 0.056893041082764384
0 0.35782728470475506 0.1522517657191443 0.04790992933285423 0.04341837345789914
0 0.38253084201700793 0.08712420553229559 0.04940711462450595 0.04192118816624745
0 0.43044077134986225 0.153748951010796 0.03742963229129239 0.03443526170798897
0 0.46787040364115456 0.099850280511335 0.04042400287459577 0.04641274404120254
0 0.0681219307701521 0.20989339944773455 0.055395855791112704 0.03892681758294405
0 0.10779734099892202 0.23684273469746503 0.041921188166247465 0.035932446999640676
0 0.21709186728949575 0.18444124948965573 0.05389867049946101 0.032938076416337295
0 0.1721763085399449 0.19192717594791422 0.023954964666427114 0.04192118816624748
0 0.2103545334770631 0.2473230317390269 0.03144089112468561 0.05988741166606781
0 0.24404120253922623 0.24956880967650444 0.03593244699964064 0.05839022637441607
0 0.1377410468319559 0.1582405068857511 0.03892681758294405 0.04940711462450591
0 0.19987423643550123 0.15524613630244768 0.061384596957719466 0.03742963229129236
0 0.24104683195592283 0.07888968642821129 0.032938076416337295 0.052401485207809316
0 0.1280093424362199 0.08637561288646975 0.02545214995807883 0.04940711462450593
0 0.031440891124685594 0.16872080392731295 0.044915558749550846 0.04341837345789914
0 0.421457659599952 0.07888968642821129 0.03742963229129239 0.055395855791112704
0 0.6205833033896273 0.0953587246363799 0.06437896754102283 0.04042400287459573
0 0.5277578153072223 0.099850280511335 0.055395855791112746 0.04641274404120254
0 0.7920110192837465 0.06990657467830111 0.05389867049946098 0.03742963229129237
0 0.8474068750748591 0.06167205557421679 0.06288178224937116 0.04192118816624745
0 0.32414061564259194 0.06616361144917188 0.052401485207809316 0.044915558749550846
0 0.19912564378967537 0.1110791701987227 0.05389867049946101 0.032938076416337274
0 0.16169601149838303 0.07814109378238544 0.029943705833033917 0.04192118816624745
0 0.05315007785363516 0.11257635549037442 0.03443526170798898 0.04790992933285423
0 0.098065636603186 0.10958198490707102 0.028446520541382206 0.05090429991615763
0 0.2685034779243121 0.7963723059124207 0.03464561005474992 0.02350952110858031
0 0.23818856912640585 0.7994656639530234 0.03588295327099099 0.03217092362226777
0 0.2678848063161916 0.8582394667244742 0.03340826683850887 0.04330701256843743
0 0.44482488623866445 0.8786556297924518 0.04083232613595524 0.04701904221716062
0 0.4237900515625663 0.8062710516423494 0.025984207541062454 0.06062981759581247
0 0.5184468076050079 0.8897917187386214 0.02969623718978569 0.04454435578467853
0 0.4881318988071019 0.8526714222513894 0.028458893973544598 0.04454435578467853
0 0.6174342649042938 0.8860796890898982 0.059392474379571285 0.0272215507573035
0 0.6124848920393293 0.8551461086838715 0.06434184724453566 0.03959498291971424
0 0.5568044473084812 0.8600954815488357 0.03712029648723206 0.03959498291971424
0 0.7906623151780434 0.8798929730086928 0.02969623718978569 0.049493728649642715
0 0.7411685865284006 0.8316365875752912 0.03959498291971415 0.02969623718978569
0 0.8494361179494941 0.8873170323061393 0.030933580406026683 0.03464561005474986
0 0.8079851202054184 0.8341112740077733 0.02969623718978569 0.04206966935219634
0 0.19302554173360684 0.8848423458736572 0.056917787947089196 0.03712029648723216
0 0.34893078697998164 0.8706128988868848 0.029696237189785642 0.04578169900091963
0 0.32418392265516016 0.9021651509010321 0.03217092362226777 0.044544355784678434
0 0.3885257698996958 0.8792743014005723 0.049493728649642764 0.038357639703473154
0 0.384195068642852 0.8489593926026662 0.02103483467609817 0.044544355784678434
0 0.5902127141469901 0.8112204245073136 0.03464561005474986 0.048256385433401716
0 0.6570292478240078 0.8118390961154341 0.04949372864964281 0.03217092362226788
0 0.7015736036086864 0.8520527506432688 0.04206966935219634 0.03588295327099106
0 0.8420120586520476 0.8112204245073136 0.04578169900091953 0.03588295327099096
