0 0.1585144927536232 0.15942028985507248 0.04166666666666666 0.025362318840579712
0 0.23913043478260868 0.09782608695652174 0.028985507246376812 0.039855072463768106
0 0.25181159420289856 0.18115942028985507 0.04710144927536233 0.05434782608695652
0 0.20380434782608695 0.22463768115942032 0.059782608695652176 0.043478260869565216
0 0.2989130434782609 0.25 0.039855072463768106 0.06521739130434782
0 0.1657608695652174 0.3115942028985507 0.02717391304347826 0.043478260869565216
0 0.2635869565217392 0.29981884057971014 0.034420289855072464 0.034420289855072464
0 0.269927536231884 0.25815217391304346 0.021739130434782608 0.04891304347826087
0 0.19927536231884058 0.4085144927536232 0.043478260869565216 0.0670289855072464
0 0.14855072463768118 0.4320652173913044 0.04710144927536233 0.04166666666666666
0 0.1467391304347826 0.5588768115942029 0.03260869565217391 0.04166666666666666
0 0.10326086956521738 0.5643115942028986 0.03260869565217391 0.034420289855072464
0 0.10144927536231883 0.6068840579710144 0.028985507246376812 0.03260869565217391
0 0.32336956521739135 0.4429347826086956 0.06340579710144928 0.04528985507246377
0 0.22735507246376813 0.5063405797101449 0.04891304347826087 0.034420289855072464
0 0.45833333333333337 0.3731884057971015 0.06159420289855074 0.04710144927536233
0 0.26268115942028986 0.548913043478261 0.057971014492753624 0.03260869565217391
0 0.21557971014492758 0.61231884057971 0.05434782608695652 0.039855072463768106
0 0.11865942028985506 0.7146739130434783 0.05253623188405797 0.04891304347826087
0 0.20742753623188406 0.9547101449275363 0.04891304347826087 0.03260869565217391
0 0.17210144927536233 0.923913043478261 0.039855072463768106 0.03260869565217391
0 0.1286231884057971 0.8903985507246377 0.028985507246376812 0.04891304347826087
0 0.1286231884057971 0.8387681159420289 0.028985507246376812 0.050724637681159424
0 0.197463768115942 0.8659420289855072 0.021739130434782608 0.039855072463768106
0 0.171195652173913 0.8759057971014492 0.023550724637681163 0.04528985507246377
0 0.2019927536231884 0.8079710144927538 0.034420289855072464 0.043478260869565216
0 0.19927536231884058 0.7572463768115943 0.039855072463768106 0.043478260869565216
0 0.23278985507246377 0.7373188405797102 0.03079710144927537 0.028985507246376812
0 0.18387681159420288 0.7047101449275363 0.034420289855072464 0.043478260869565216
0 0.22010869565217392 0.6721014492753623 0.04528985507246377 0.036231884057971016
0 0.17119565217391305 0.654891304347826 0.034420289855072464 0.05615942028985507
0 0.27264492753623193 0.6730072463768118 0.038043478260869575 0.023550724637681163
0 0.3052536231884059 0.5969202898550724 0.04891304347826087 0.05615942028985507
0 0.31068840579710144 0.08170289924179301 0.04891304347826087 0.035869563835254616
0 0.3351449275362318 0.033514492753623185 0.03260869565217391 0.05615942028985507
0 0.417572463768116 0.03804347826086957 0.04891304347826087 0.057971014492753624
0 0.47463768115942023 0.22101449275362317 0.043478260869565216 0.028985507246376812
0 0.5235507246376813 0.29257246376811596 0.036231884057971016 0.038043478260869575
0 0.5778985507246378 0.21829710144927536 0.039855072463768106 0.02717391304347826
0 0.5742753623188405 0.28442028985507245 0.06159420289855074 0.057971014492753624
0 0.5289855072463769 0.017210144927536232 0.04710144927536233 0.034420289855072464
0 0.5788043478260869 0.07880434782608697 0.038043478260869575 0.023550724637681163
0 0.5806159420289856 0.049818840579710144 0.04528985507246377 0.034420289855072464
0 0.615036231884058 0.026268115942028984 0.04891304347826087 0.05253623188405797
0 0.6458333333333333 0.11503623188405797 0.04891304347826087 0.034420289855072464
0 0.6059782608695652 0.1440217391304348 0.05253623188405797 0.04166666666666666
0 0.615036231884058 0.19293478260869568 0.05615942028985507 0.034420289855072464
0 0.7228260869565217 0.1394927536231884 0.05434782608695652 0.07246376811594203
0 0.8278985507246377 0.0697463768115942 0.025362318840579712 0.05253623188405797
0 0.7952898550724637 0.08786231884057973 0.036231884057971016 0.03079710144927537
0 0.8115942028985507 0.11775362318840578 0.06159420289855074 0.043478260869565216
0 0.9157608695652172 0.018115942028985508 0.05253623188405797 0.028985507246376812
0 0.9619565217391304 0.03170289855072464 0.04710144927536233 0.05253623188405797
0 0.8994565217391305 0.04891304347826088 0.034420289855072464 0.043478260869565216
0 0.888586956521739 0.08242753623188408 0.034420289855072464 0.03079710144927537
0 0.8596014492753623 0.11684782608695653 0.038043478260869575 0.04166666666666666
0 0.9465579710144928 0.07608695652173914 0.05253623188405797 0.036231884057971016
0 0.9737318840579711 0.1213768115942029 0.023550724637681163 0.043478260869565216
0 0.9257246376811594 0.11684782608695653 0.039855072463768106 0.034420289855072464
0 0.9302536231884058 0.14945652173913043 0.04891304347826087 0.034420289855072464
0 0.8532608695652173 0.17210144927536233 0.04710144927536233 0.036231884057971016
0 0.9664855072463768 0.19112318840579712 0.034420289855072464 0.034420289855072464
0 0.917572463768116 0.17391304347826086 0.04891304347826087 0.03260869565217391
0 0.9085144927536232 0.19746376811594202 0.05253623188405797 0.028985507246376812
0 0.3605072463768116 0.5172101449275361 0.025362318840579712 0.04528985507246377
0 0.39492753623188404 0.4692028985507246 0.036231884057971016 0.050724637681159424
0 0.4356884057971014 0.4456521739130435 0.04528985507246377 0.04710144927536233
0 0.45289855072463775 0.4936594202898551 0.028985507246376812 0.04166666666666666
0 0.47916666666666674 0.44474637681159424 0.034420289855072464 0.038043478260869575
0 0.5108695652173914 0.49728260869565216 0.036231884057971016 0.05253623188405797
0 0.5471014492753625 0.5054347826086957 0.021739130434782608 0.036231884057971016
0 0.5588768115942029 0.473731884057971 0.04166666666666666 0.038043478260869575
0 0.595108695652174 0.47826086956521735 0.034420289855072464 0.039855072463768106
0 0.5081521739130436 0.42844202898550726 0.03079710144927537 0.05253623188405797
0 0.6231884057971014 0.4438405797101449 0.05434782608695652 0.043478260869565216
0 0.644927536231884 0.4039855072463767 0.028985507246376812 0.043478260869565216
0 0.5507246376811594 0.4193840579710145 0.043478260869565216 0.04891304347826087
0 0.5471014492753623 0.3740942028985507 0.036231884057971016 0.04528985507246377
0 0.605072463768116 0.3442028985507246 0.057971014492753624 0.03260869565217391
0 0.605072463768116 0.3894927536231884 0.050724637681159424 0.036231884057971016
0 0.6403985507246377 0.2871376811594204 0.04166666666666666 0.038043478260869575
0 0.6621376811594203 0.2418478260869565 0.034420289855072464 0.034420289855072464
0 0.7192028985507247 0.20561594202898553 0.03260869565217391 0.03079710144927537
0 0.6865942028985507 0.32971014492753625 0.036231884057971016 0.06521739130434782
0 0.7182971014492753 0.3016304347826087 0.02717391304347826 0.038043478260869575
0 0.2554347826086957 0.7934782608695652 0.036231884057971016 0.036231884057971016
0 0.2735507246376811 0.7518115942028986 0.028985507246376812 0.050724637681159424
0 0.3242753623188406 0.697463768115942 0.04710144927536233 0.057971014492753624
0 0.355072463768116 0.6150362318840579 0.028985507246376812 0.05253623188405797
0 0.3894927536231884 0.5887681159420289 0.04710144927536233 0.039855072463768106
0 0.40126811594202905 0.5253623188405796 0.04891304347826087 0.05434782608695652
0 0.32971014492753625 0.9311594202898551 0.036231884057971016 0.039855072463768106
0 0.30163043478260876 0.9021739130434783 0.04891304347826087 0.036231884057971016
0 0.266304347826087 0.8813405797101449 0.028985507246376812 0.034420289855072464
0 0.25271739130434784 0.8442028985507245 0.03079710144927537 0.036231884057971016
0 0.2952898550724637 0.8632246376811594 0.04710144927536233 0.04166666666666666
0 0.3496376811594203 0.845108695652174 0.039855072463768106 0.04166666666666666
0 0.2971014492753623 0.8242753623188406 0.025362318840579712 0.039855072463768106
0 0.32789855072463764 0.8007246376811594 0.057971014492753624 0.039855072463768106
0 0.3070652173913044 0.7563405797101449 0.03079710144927537 0.03079710144927537
0 0.3405797101449275 0.7545289855072465 0.039855072463768106 0.04528985507246377
0 0.3686594202898551 0.6721014492753623 0.02717391304347826 0.025362318840579712
0 0.375 0.7346014492753623 0.021739130434782608 0.038043478260869575
0 0.38586956521739124 0.8931159420289856 0.043478260869565216 0.028985507246376812
0 0.3976449275362319 0.8641304347826088 0.019927536231884053 0.03260869565217391
0 0.3994565217391304 0.8333333333333333 0.03079710144927537 0.025362318840579712
0 0.38586956521739135 0.7690217391304348 0.039855072463768106 0.016304347826086956
0 0.5461956521739131 0.9474637681159424 0.04891304347826087 0.03260869565217391
0 0.6032608695652174 0.953804347826087 0.04710144927536233 0.023550724637681163
0 0.6277173913043478 0.972826086956522 0.034420289855072464 0.028985507246376812
0 0.615036231884058 0.8894927536231885 0.05615942028985507 0.021739130434782608
0 0.6757246376811594 0.9592391304347827 0.039855072463768106 0.023550724637681163
0 0.4945652173913044 0.8795289855072462 0.04710144927536233 0.02717391304347826
0 0.4981884057971014 0.9338768115942028 0.025362318840579712 0.03079710144927537
0 0.4085144927536232 0.9565217391304348 0.038043478260869575 0.018115942028985508
0 0.38224637681159424 0.931159420289855 0.036231884057971016 0.021739130434782608
0 0.4547101449275362 0.9492753623188406 0.043478260869565216 0.018115942028985508
0 0.4619565217391305 0.9230072463768115 0.039855072463768106 0.02717391304347826
0 0.427536231884058 0.9094202898550725 0.03260869565217391 0.018115942028985508
0 0.43478260869565216 0.8885869565217392 0.05434782608695652 0.023550724637681163
0 0.5416666666666666 0.8460144927536232 0.043478260869565216 0.021739130434782608
0 0.48550724637681164 0.8460144927536232 0.028985507246376812 0.036231884057971016
0 0.42844202898550726 0.8278985507246377 0.04166666666666666 0.025362318840579712
0 0.6096014492753622 0.7862318840579711 0.034420289855072464 0.018115942028985508
0 0.6005434782608696 0.8496376811594203 0.03079710144927537 0.028985507246376812
0 0.6277173913043478 0.759963768115942 0.05253623188405797 0.023550724637681163
0 0.40579710144927533 0.6268115942028986 0.043478260869565216 0.021739130434782608
0 0.4039855072463769 0.6567028985507247 0.04710144927536233 0.023550724637681163
0 0.40760869565217384 0.6820652173913043 0.050724637681159424 0.023550724637681163
0 0.4121376811594203 0.7101449275362319 0.04891304347826087 0.025362318840579712
0 0.41576086956521735 0.7346014492753623 0.038043478260869575 0.016304347826086956
0 0.41576086956521735 0.7617753623188405 0.023550724637681163 0.03079710144927537
0 0.4519927536231884 0.7943840579710145 0.016304347826086956 0.03079710144927537
0 0.490036231884058 0.8079710144927538 0.059782608695652176 0.018115942028985508
0 0.4782608695652174 0.7835144927536232 0.028985507246376812 0.016304347826086956
0 0.4365942028985507 0.5760869565217391 0.04710144927536233 0.03260869565217391
0 0.453804347826087 0.6340579710144927 0.038043478260869575 0.025362318840579712
0 0.4565217391304348 0.6657608695652175 0.028985507246376812 0.023550724637681163
0 0.46467391304347827 0.713768115942029 0.034420289855072464 0.028985507246376812
0 0.4628623188405797 0.7481884057971016 0.03079710144927537 0.03260869565217391
0 0.4990942028985507 0.7681159420289856 0.03079710144927537 0.028985507246376812
0 0.548913043478261 0.7971014492753623 0.028985507246376812 0.025362318840579712
0 0.5516304347826088 0.7644927536231885 0.04166666666666666 0.028985507246376812
0 0.5172101449275363 0.7318840579710145 0.02717391304347826 0.028985507246376812
0 0.5054347826086957 0.690217391304348 0.028985507246376812 0.03260869565217391
0 0.509963768115942 0.5552536231884059 0.038043478260869575 0.04166666666666666
0 0.4827898550724639 0.5851449275362317 0.034420289855072464 0.036231884057971016
0 0.5117753623188405 0.6105072463768114 0.034420289855072464 0.043478260869565216
0 0.7608695652173912 0.20380434782608695 0.043478260869565216 0.023550724637681163
0 0.806159420289855 0.19384057971014493 0.036231884057971016 0.021739130434782608
0 0.7590579710144928 0.33605072463768115 0.050724637681159424 0.02717391304347826
0 0.7617753623188405 0.30344202898550726 0.04166666666666666 0.02717391304347826
0 0.7373188405797102 0.2644927536231884 0.036231884057971016 0.03260869565217391
0 0.7436594202898551 0.23550724637681156 0.038043478260869575 0.021739130434782608
0 0.7907608695652173 0.25271739130434784 0.04166666666666666 0.038043478260869575
0 0.8125 0.28985507246376807 0.034420289855072464 0.036231884057971016
0 0.8342391304347825 0.23369565217391305 0.03079710144927537 0.043478260869565216
0 0.891304347826087 0.22554347826086957 0.043478260869565216 0.03079710144927537
0 0.5507246376811594 0.6005434782608696 0.025362318840579712 0.038043478260869575
0 0.5860507246376812 0.5661231884057972 0.04166666666666666 0.023550724637681163
0 0.6005434782608696 0.5398550724637681 0.03079710144927537 0.039855072463768106
0 0.6385869565217391 0.5742753623188406 0.04166666666666666 0.028985507246376812
0 0.5461956521739131 0.6793478260869565 0.038043478260869575 0.043478260869565216
0 0.5498188405797102 0.7237318840579711 0.038043478260869575 0.038043478260869575
0 0.9510669903016585 0.25065636288524407 0.039370011425852065 0.042744583833782414
0 0.8728893961846091 0.2725910835367903 0.03599543901792206 0.02812143673275157
0 0.673227195382073 0.4435694188719199 0.03712029648723206 0.04836887118033271
0 0.7204712090930956 0.42725898556692404 0.04161972636447238 0.040494868895162274
0 0.7665903653348081 0.37382825577469597 0.04836887118033281 0.039370011425852176
0 0.6844757700751734 0.5161227256424189 0.03487058154861195 0.04949372864964281
0 0.6428560437107013 0.5397447324979303 0.0461191562417126 0.029246294202061627
0 0.6406063287720809 0.5026244360106983 0.04161972636447228 0.040494868895162274
0 0.7232833527663707 0.4885637176443224 0.03599543901792206 0.03712029648723206
0 0.8689523950420239 0.31702295357453775 0.02812143673275152 0.04499429877240255
0 0.8307072410854818 0.33727038802211884 0.03262086660999183 0.033745724079301896
0 0.781775941170494 0.42275955568968376 0.029246294202061627 0.031496009140681736
0 0.6001114598769187 0.640981904735836 0.030371151671371638 0.02699657926344152
0 0.6017987460808839 0.6910380621201336 0.033745724079301855 0.03487058154861195
0 0.6484803310572516 0.7158974126209853 0.039370011425852273 0.030596124023431863
0 0.655229475873112 0.6854137747735836 0.039370011425852176 0.02587172179413141
0 0.6321698977522555 0.6347951886546307 0.022497149386201298 0.039370011425852176
0 0.6625410494236273 0.6190471840842898 0.02699657926344152 0.03712029648723206
0 0.8790761122658144 0.6960999207320292 0.04161972636447228 0.020247434447581085
0 0.9133842650797714 0.5920506048208483 0.03599543901792206 0.0236220068555113
0 0.9021356903866707 0.6286084725734254 0.049493728649642715 0.02699657926344152
0 0.9032605478559808 0.6533553368982468 0.05399315852688304 0.015748004570340868
0 0.9139466938144264 0.6747276288151379 0.04386944130309249 0.02024743444758119
0 0.8323945272894467 0.7045363517518547 0.02699657926344152 0.03712029648723206
0 0.7626533641922228 0.71184792530237 0.03824515395654217 0.029246294202061728
0 0.765465507865498 0.6859762035082384 0.05736773093481315 0.017997719508960976
0 0.70978506313465 0.6887883471815137 0.03149600914068184 0.03487058154861195
0 0.7114723493386151 0.6544801943675569 0.050618586118952924 0.03824515395654217
0 0.7868377997823893 0.6561674805715217 0.016872862039650972 0.03712029648723216
0 0.7570290768456727 0.6584171955101419 0.024746864324821306 0.03487058154861195
0 0.8835755421430548 0.42163469822037364 0.0236220068555113 0.033745724079301945
0 0.925757697242182 0.464379282054156 0.042744583833782386 0.022497149386201298
0 0.8914495444282252 0.4885637176443224 0.02812143673275152 0.02812143673275152
0 0.8712021099806441 0.5594297382108564 0.03262086660999183 0.03262086660999183
0 0.8228332388003113 0.6347951886546306 0.04836887118033271 0.030371151671371725
0 0.8115846641072106 0.5976748921673987 0.03262086660999183 0.030371151671371725
0 0.6979740597068943 0.6111731817991193 0.04386944130309249 0.03487058154861195
0 0.7356567849287814 0.5667413117613718 0.04949372864964281 0.022497149386201298
0 0.7497175032951572 0.6106107530644642 0.039370011425852176 0.04274458383378249
0 0.7379064998674013 0.5228718704582794 0.02699657926344152 0.024746864324821406
0 0.727782782643611 0.5419944474365505 0.03824515395654217 0.02024743444758119
0 0.9190085524263217 0.30464952141212703 0.024746864324821406 0.051743443588262925
0 0.8408309583092722 0.3957629764262422 0.02587172179413141 0.05624287346550314
0 0.8757015398578842 0.3592051086736651 0.039370011425852273 0.028121436732751623
0 0.8262078112082414 0.5178100118463841 0.030371151671371725 0.0461191562417126
0 0.8453303881865125 0.48012728662449694 0.0461191562417126 0.038245153956542065
0 0.7851505135784241 0.5751777427811973 0.033745724079301855 0.0236220068555113
0 0.7823383699051489 0.5459314485791357 0.05286830105757303 0.028121436732751623
0 0.7795262262318738 0.5088111520919035 0.05399315852688304 0.030371151671371725
0 0.9550039914442436 0.29058880304575124 0.029246294202061728 0.02587172179413151
0 0.9735641396878597 0.34120738916470417 0.037120296487232265 0.039370011425852273
0 0.9184461236916666 0.4115109809965831 0.04161972636447228 0.020247434447581085
0 0.9746889971571697 0.5689910266999919 0.039370011425852273 0.033745724079301945
0 0.9398184156085579 0.3766403994479711 0.028121436732751623 0.033745724079301855
0 0.9836878569116503 0.3963254051608972 0.03262086660999183 0.03487058154861195
0 0.9836878569116503 0.47394057054329153 0.030371151671371638 0.04161972636447238
0 0.9431929880164881 0.5206221555196592 0.03487058154861185 0.038245153956542065
