0 0.296195652173913 0.6422101449275363 0.02717391304347826 0.012681159420289856
0 0.28425820882584485 0.6136015687040356 0.01154459484457815 0.01731689226686723
0 0.3180261487462358 0.6035000482150298 0.015585203040180507 0.021357500462469474
0 0.32350983129741046 0.6343818394242763 0.01154459484457815 0.01847135175132504
0 0.3463104061154522 0.6384224476198788 0.012121824586807058 0.015007973297951595
0 0.3546802373777714 0.6173535620285235 0.012699054329035963 0.014430743555722585
0 0.3258187502663261 0.6889300500649078 0.00923567587566252 0.0155852030401804
0 0.36391591325343386 0.6944137326160825 0.01847135175132499 0.016162432782409406
0 0.3370747302397898 0.6975884961983415 0.013276284071264821 0.016739662524638314
0 0.24933580942099595 0.692682043389396 0.013276284071264875 0.011544594844578048
0 0.23346199150970098 0.697299881327227 0.012699054329035942 0.010390135360120335
0 0.2351936807363877 0.6436175152999388 0.01962581123578283 0.010390135360120335
0 0.2507788837765682 0.6594913332112339 0.01154459484457815 0.010967365102349242
0 0.25308780274548376 0.6170649471574091 0.017316892266867175 0.00923567587566242
0 0.24616104583873696 0.6058089671839455 0.012699054329035963 0.009812905617891325
0 0.25193334326102595 0.5893579195304216 0.012699054329035914 0.00923567587566252
0 0.27386807346572445 0.5781019395569578 0.019625811235782855 0.009812905617891427
0 0.3099449323550311 0.5535696755122292 0.010967365102349242 0.01154459484457815
0 0.32004645284403693 0.5613622770323196 0.010390135360120335 0.009812905617891427
0 0.2897418913770195 0.5088343704894891 0.013276284071264875 0.012121824586807058
0 0.3445787168887655 0.4912288633515075 0.014430743555722688 0.016162432782409406
0 0.36968821067572294 0.5068140663916879 0.01616243278240936 0.016162432782409406
0 0.3806555757780722 0.5304804858230731 0.01385351381349378 0.01731689226686723
0 0.27329084372349555 0.5483746078321691 0.01731689226686723 0.012699054329035963
0 0.258282870425544 0.5506835268010848 0.015007973297951544 0.010390135360120335
0 0.2444293566120502 0.5610736621612051 0.01731689226686723 0.012699054329035963
0 0.22942138331409861 0.570020723165753 0.00808121639120468 0.016739662524638314
0 0.21499063975837596 0.5734841016191266 0.008081216391204703 0.012121824586807058
0 0.21441341001614705 0.605520352312831 0.013853513813493755 0.017316892266867123
0 0.19651928800705096 0.6006138995038852 0.012699054329035942 0.01904858149355395
0 0.19276729468256307 0.5818539328814458 0.010967365102349217 0.01385351381349378
0 0.20921834233608688 0.5815653180103313 0.013853513813493755 0.009812905617891427
0 0.19161283519810524 0.5570330539656028 0.01212182458680703 0.01154459484457815
0 0.19132422032699078 0.5391389319565066 0.012699054329035942 0.008081216391204703
0 0.19247867981144864 0.5275943371119287 0.012699054329035942 0.008081216391204703
0 0.1988282069759666 0.5131635935562059 0.00692675690674689 0.00923567587566252
0 0.2141247951450326 0.5195131207207239 0.017894122009096108 0.008081216391204703
0 0.21527925462949046 0.5327894047919889 0.019048581493553898 0.012699054329035963
0 0.2389456740608756 0.5140294381695494 0.019048581493553925 0.013276284071264875
0 0.23807982944753225 0.5293260263386153 0.017316892266867202 0.00923567587566242
0 0.2386570591897611 0.545777073992139 0.016162432782409385 0.012121824586807058
0 0.22364908589180957 0.5489518375743981 0.011544594844578124 0.015007973297951494
0 0.26896162065677875 0.46150153162671875 0.01904858149355395 0.019048581493553846
0 0.2946483441859651 0.45342031523551407 0.015007973297951544 0.012121824586807058
0 0.3165830743906635 0.4649649100800922 0.016162432782409406 0.01789412200909613
0 0.3364975004975609 0.46467629520897774 0.014430743555722636 0.02424364917361401
0 0.3517940886666269 0.4652535249512065 0.012699054329035953 0.01731689226686699
0 0.3558346968622292 0.4473594029421106 0.019625811235782803 0.016162432782409406
0 0.3662248322223495 0.42138406454180966 0.01847135175132499 0.015007973297951544
0 0.3301479733330428 0.4236929835107253 0.023666419431385158 0.015007973297951544
0 0.29868895238156745 0.4184979158306652 0.01385351381349373 0.015007973297951544
0 0.2900305062481338 0.43264004451527344 0.02078027072024062 0.01789412200909608
0 0.24991303916322483 0.42802220657744217 0.016739662524638266 0.013276284071264821
0 0.23721398483418887 0.43466034861307457 0.009812905617891427 0.015007973297951595
0 0.246161045838737 0.4505341665243695 0.01385351381349378 0.010967365102349242
0 0.2112386464338881 0.46496491008009216 0.015585203040180478 0.010967365102349242
0 0.2285555387007553 0.47015997776015234 0.021357500462469526 0.00865844613343351
0 0.22134016692289396 0.48372487670253167 0.01962581123578283 0.012699054329035862
0 0.20777526798051466 0.5019076135827422 0.015585203040180478 0.012121824586807058
0 0.22336047102069512 0.44216433526205035 0.01212182458680703 0.019625811235782855
0 0.2230718561495807 0.4568836936888875 0.021934730204698435 0.012121824586807006
0 0.2037346597849123 0.4482252475554539 0.013276284071264847 0.013276284071264875
0 0.19853959210485214 0.43812372706644803 0.012121824586807058 0.015007973297951595
0 0.1846860782913584 0.47160305211572456 0.028284257369216418 0.017316892266867175
0 0.17285286857566579 0.444473254230966 0.01962581123578283 0.015007973297951595
0 0.1226338810017509 0.44187572039093587 0.02424364917361409 0.021357500462469578
0 0.11368681999720286 0.45803815317334534 0.02251195994692734 0.01904858149355395
0 0.14947506401539504 0.48891994438259184 0.017894122009096108 0.02539810865807183
0 0.10647144821934154 0.5933985277260239 0.020780270720240645 0.01731689226686723
0 0.12119080664617866 0.518935890978495 0.01212182458680703 0.019625811235782855
0 0.12898340816626888 0.49498085667599534 0.010390135360120335 0.021357500462469578
0 0.8124234229652942 0.546354303734368 0.017316892266867123 0.015585203040180507
0 0.8193501798720411 0.528460181725272 0.015007973297951595 0.016739662524638314
0 0.8424393695611974 0.5339438642764466 0.019625811235782855 0.018471351751324933
0 0.8513864305657455 0.5140294381695493 0.013276284071264875 0.020203040978011764
0 0.777501023560445 0.5437567698943374 0.01212182458680705 0.020780270720239632
0 0.7673995030714396 0.5417364657965367 0.012699054329035963 0.012121824586806955
0 0.7515256851601445 0.5619395067745486 0.013276284071264875 0.01904858149355395
0 0.7555662933557469 0.5887806897881926 0.021357500462469578 0.01385351381349378
0 0.7518143000312589 0.6153332579307224 0.010390135360120335 0.021934730204698383
0 0.764513354360295 0.6095609605084333 0.010390135360120335 0.019625811235782758
0 0.7751921045915299 0.6141787984462644 0.013276284071264875 0.01847135175132504
0 0.7737490302359575 0.64044275171768 0.016162432782409406 0.014430743555722688
0 0.7515256851601445 0.6592027183401191 0.013276284071264875 0.012699054329035862
0 0.755566293355747 0.6733448470247275 0.013276284071264875 0.010967365102349347
0 0.7760579492048731 0.6687270090868962 0.016162432782409406 0.023666419431385102
0 0.7907773076317105 0.668149779344667 0.017894122009096142 0.017894122009095636
0 0.7994357537651439 0.6488125829799989 0.020203040978011663 0.02078027072024067
0 0.8150209568053244 0.6707473131846975 0.016739662524638214 0.01154459484457815
0 0.8233907880676434 0.6540076506600592 0.01847135175132504 0.013853513813493678
0 0.8254110921654447 0.622837244579698 0.013276284071264875 0.016162432782409406
0 0.8441710587878842 0.6574710291134325 0.01385351381349378 0.010390135360120335
0 0.8487888967257154 0.6161991025440657 0.01154459484457815 0.016739662524638214
0 0.8409962952056249 0.632938765068704 0.020203040978011753 0.012121824586807283
0 0.8594676469569502 0.6326501501975895 0.013276284071264875 0.012699054329035963
0 0.8606221064414079 0.6491011978511135 0.012121824586807058 0.013276284071264875
0 0.8386873762367095 0.645060589655511 0.020203040978011764 0.016739662524638314
0 0.8646627146370104 0.6658408603757516 0.009812905617891427 0.01327628407126477
0 0.7506598405468012 0.5122977489428626 0.016162432782409406 0.020203040978011764
0 0.7734604153648431 0.49526947154710976 0.012121824586807058 0.019625811235782855
0 0.7890456184050235 0.49786700538713985 0.010967365102349242 0.020203040978011764
0 0.8072283552852342 0.5004645392271699 0.00923567587566242 0.01731689226686723
0 0.8170412609031255 0.48574518080033285 0.010390135360120335 0.016739662524638214
0 0.8355126126544505 0.4958467012893387 0.01385351381349378 0.016162432782409406
0 0.8274313962632459 0.5174928166229227 0.01385351381349378 0.016739662524638314
0 0.8355126126544505 0.5131635935562059 0.010390135360120335 0.012699054329035963
0 0.8231021731965291 0.499310079742712 0.013276284071264875 0.01847135175132504
0 0.8505205859524021 0.580699473396988 0.012699054329035963 0.01385351381349378
0 0.7575865974535482 0.49642393103156757 0.01154459484457815 0.016162432782409406
0 0.7544118338712892 0.4825704172180738 0.01789412200909613 0.016162432782409406
0 0.8303175449743904 0.4589039977866887 0.01385351381349378 0.016162432782409406
0 0.7821188614982766 0.45919261265780315 0.014430743555722688 0.015585203040180507
0 0.7500826108045725 0.45976984240003205 0.021934730204698383 0.010967365102349242
0 0.7532573743868314 0.4456277137154238 0.014430743555722688 0.02078027072024067
0 0.75123707028903 0.4257132876085265 0.012699054329035963 0.014430743555722636
0 0.764513354360295 0.43870095680867693 0.010390135360120335 0.015007973297951595
0 0.7723059558803853 0.4516886260088273 0.013276284071264875 0.019048581493553898
0 0.7855822399516502 0.44043264603536364 0.020203040978011764 0.01154459484457815
0 0.810403118867493 0.4485138624265684 0.010967365102349141 0.019625811235782855
0 0.8202160244853844 0.4430301798753937 0.016739662524638314 0.01904858149355395
0 0.8179071055164688 0.4262905173507554 0.016739662524638314 0.012121824586807006
0 0.7997243686362583 0.42657913222186994 0.015007973297951595 0.011544594844578098
0 0.873564159291574 0.6012984004171524 0.012186084678631503 0.016128641486424084
0 0.8644245957826002 0.5776430595703974 0.010394013402362297 0.012544498933885364
0 0.8803740301413974 0.5783598880809051 0.013619741699647052 0.013978155954900914
0 0.8862878653530862 0.5627688679773617 0.014694984465408534 0.012902913189139225
0 0.8646038029102273 0.5600807610629578 0.011469256168123781 0.013261327444393189
0 0.8681879454627661 0.5398303556411141 0.0150533987206625 0.018637541273201115
0 0.8769690947164858 0.5511204046816112 0.00967718489185447 0.01397815595490081
0 0.8882591437569824 0.5475362621290724 0.012186084678631503 0.013261327444393088
0 0.8843165869491901 0.629971540837462 0.012902913189139225 0.012544498933885364
0 0.8970402930107023 0.6256705697744156 0.011110841912869918 0.016845469996931803
0 0.8776859232269933 0.6471754250896475 0.006093042339315752 0.015411812975916256
0 0.884137379821563 0.6464585965791398 0.009677184891854368 0.00967718489185447
0 0.8830621370558015 0.6706515588087761 0.005376213828808028 0.011469256168123781
0 0.8916640791818944 0.6693971089153874 0.008243527870839026 0.011827670423377538
0 0.7841465085644943 0.4118766981903491 0.01580378262667029 0.022311222531769873
0 0.7674130916656668 0.4081581611017207 0.017663051170984545 0.016733416898827368
0 0.7604408346244886 0.42024340663976273 0.018592685443141518 0.020451953987455716
0 0.8371356620774476 0.4379064578107472 0.01394451408235614 0.018592685443141573
0 0.8468968219350969 0.42628602940878374 0.014874148354513214 0.023240856803926947
0 0.8645598731060812 0.42907493222525495 0.02231122253176982 0.01580378262667029
0 0.8761803015080448 0.416989686687213 0.012085245538041987 0.017663051170984493
0 0.8729265815554951 0.4574287775260458 0.014874148354513214 0.016733416898827368
0 0.8864062785017726 0.46114731461467406 0.012085245538042088 0.020451953987455675
0 0.8822229242770657 0.503445673997821 0.016733416898827368 0.012085245538041987
0 0.8752506672358877 0.5164605538080201 0.01394451408235614 0.012085245538041987
0 0.9017452439923643 0.5173901880801772 0.007437074177256607 0.01580378262667029
0 0.900350792584129 0.5369125077954758 0.008366708449413684 0.01580378262667029
0 0.8840821928213799 0.5336587878429261 0.013014879810199062 0.020451953987455675
0 0.8854766442296156 0.5187846394884128 0.012085245538041987 0.013014879810199062
0 0.8919840841347151 0.3663246188546523 0.008366708449413788 0.014874148354513214
0 0.8998859754480503 0.37515614444014445 0.009296342721570759 0.012085245538041987
0 0.9026748782645215 0.3579579104052386 0.018592685443141518 0.014874148354513214
0 0.8459671876629398 0.3784098643926943 0.01115561126588491 0.013014879810199062
0 0.8687432273307882 0.34773193341151076 0.017663051170984437 0.013014879810199062
0 0.841783833438233 0.27057228882247336 0.012085245538041987 0.018592685443141518
0 0.9115064038500138 0.2649944831895309 0.01394451408235614 0.018592685443141518
0 0.8097114510488139 0.3746913273040659 0.014874148354513214 0.01115561126588491
