0 0.9646739130434783 0.5262681159420289 0.04528985507246377 0.03079710144927537
0 0.8460144927536232 0.572463768115942 0.039855072463768106 0.04710144927536233
0 0.7509057971014493 0.5615942028985507 0.038043478260869575 0.04710144927536233
0 0.7128623188405797 0.6023550724637681 0.034420289855072464 0.023550724637681163
0 0.6567028985507247 0.6032608695652173 0.023550724637681163 0.028985507246376812
0 0.7038043478260869 0.558876811594203 0.03079710144927537 0.04528985507246377
0 0.6757246376811595 0.5081521739130435 0.028985507246376812 0.04891304347826087
0 0.6376811594202899 0.5534420289855073 0.028985507246376812 0.04891304347826087
0 0.8215579710144928 0.44021739130434784 0.019927536231884053 0.036231884057971016
0 0.7336956521739131 0.4719202898550725 0.028985507246376812 0.034420289855072464
0 0.7418478260869565 0.40670289855072467 0.038043478260869575 0.04166666666666666
0 0.7853260869565217 0.4393115942028985 0.02717391304347826 0.038043478260869575
0 0.8677536231884058 0.3985507246376811 0.04710144927536233 0.03260869565217391
0 0.8442028985507247 0.35778985507246375 0.021739130434782608 0.03079710144927537
0 0.8659420289855073 0.33605072463768115 0.028985507246376812 0.02717391304347826
0 0.855072463768116 0.29981884057971014 0.018115942028985508 0.023550724637681163
0 0.7853260869565216 0.7028985507246377 0.04166666666666666 0.036231884057971016
0 0.5262681159420292 0.5570652173913043 0.034420289855072464 0.019927536231884053
0 0.5534420289855073 0.49728260869565216 0.04891304347826087 0.034420289855072464
0 0.6340579710144927 0.44474637681159424 0.018115942028985508 0.04528985507246377
0 0.6068840579710144 0.43478260869565216 0.025362318840579712 0.028985507246376812
0 0.6802536231884058 0.41847826086956524 0.023550724637681163 0.03260869565217391
0 0.651268115942029 0.38315217391304346 0.04528985507246377 0.02717391304347826
0 0.766304347826087 0.35688405797101447 0.025362318840579712 0.043478260869565216
0 0.8079710144927535 0.365036231884058 0.036231884057971016 0.019927536231884053
0 0.5942028985507246 0.35688405797101447 0.03260869565217391 0.043478260869565216
0 0.657608695652174 0.3134057971014494 0.043478260869565216 0.014492753623188406
0 0.7282608695652173 0.3396739130434782 0.036231884057971016 0.03079710144927537
0 0.5117753623188406 0.38405797101449274 0.04891304347826087 0.039855072463768106
0 0.44836956521739135 0.384963768115942 0.05253623188405797 0.04166666666666666
0 0.5 0.592391304347826 0.043478260869565216 0.036231884057971016
0 0.4148550724637681 0.5652173913043478 0.05434782608695652 0.04710144927536233
0 0.4293478260869565 0.5253623188405797 0.043478260869565216 0.028985507246376812
0 0.4945652173913044 0.5018115942028986 0.04710144927536233 0.043478260869565216
0 0.46557971014492755 0.4682971014492754 0.05434782608695652 0.034420289855072464
0 0.5045289855072465 0.4420289855072464 0.034420289855072464 0.025362318840579712
0 0.3731884057971014 0.4393115942028986 0.036231884057971016 0.04891304347826087
0 0.41938405797101447 0.4338768115942029 0.05615942028985507 0.019927536231884053
0 0.21014492753623187 0.32789855072463775 0.028985507246376812 0.043478260869565216
0 0.39764492753623193 0.302536231884058 0.059782608695652176 0.036231884057971016
0 0.48007246376811596 0.3161231884057971 0.04710144927536233 0.04891304347826087
0 0.4981884057971015 0.2889492753623188 0.039855072463768106 0.034420289855072464
0 0.5461956521739131 0.32608695652173914 0.04891304347826087 0.025362318840579712
0 0.5851449275362317 0.2880434782608695 0.043478260869565216 0.036231884057971016
0 0.6585144927536233 0.276268115942029 0.04528985507246377 0.03079710144927537
0 0.7192028985507247 0.2971014492753623 0.05434782608695652 0.028985507246376812
0 0.7672101449275363 0.2853260869565217 0.07065217391304347 0.05615942028985507
0 0.8115942028985508 0.2717391304347826 0.028985507246376812 0.036231884057971016
0 0.8577898550724637 0.26358695652173914 0.05253623188405797 0.02717391304347826
0 0.5208333333333333 0.7744565217391305 0.05253623188405797 0.04891304347826087
0 0.4682971014492754 0.7518115942028984 0.04891304347826087 0.021739130434782608
0 0.45289855072463764 0.7119565217391304 0.050724637681159424 0.04710144927536233
0 0.4130434782608695 0.6820652173913043 0.03260869565217391 0.034420289855072464
0 0.39673913043478265 0.7373188405797102 0.06159420289855074 0.05434782608695652
0 0.3632246376811594 0.8016304347826086 0.04166666666666666 0.05615942028985507
0 0.32065217391304346 0.7971014492753623 0.043478260869565216 0.05434782608695652
0 0.29891304347826086 0.7246376811594202 0.025362318840579712 0.04710144927536233
0 0.2509057971014493 0.654891304347826 0.0670289855072464 0.07065217391304347
0 0.2364130434782609 0.4963768115942029 0.038043478260869575 0.06521739130434782
0 0.20561594202898548 0.4067028985507246 0.07789855072463768 0.05615942028985507
0 0.32699275362318836 0.5425724637681159 0.05615942028985507 0.04891304347826087
0 0.30797101449275366 0.595108695652174 0.043478260869565216 0.04528985507246377
0 0.32789855072463764 0.6648550724637681 0.057971014492753624 0.06521739130434782
0 0.37228260869565216 0.644021739130435 0.04166666666666666 0.06340579710144928
0 0.2635869565217391 0.2210144927536232 0.04166666666666666 0.06521739130434782
0 0.322463768115942 0.1902173913043478 0.043478260869565216 0.07971014492753621
0 0.39402173913043476 0.13858695652173914 0.09239130434782608 0.07789855072463768
0 0.5317028985507247 0.1947463768115942 0.05253623188405797 0.04891304347826087
0 0.7617753623188406 0.14402173913043478 0.034420289855072464 0.05615942028985507
0 0.7753623188405797 0.1956521739130435 0.050724637681159424 0.039855072463768106
0 0.8260869565217392 0.13405797101449277 0.057971014492753624 0.05434782608695652
0 0.953804347826087 0.18115942028985507 0.034420289855072464 0.04710144927536233
0 0.17663043478260868 0.522644927536232 0.05253623188405797 0.059782608695652176
0 0.06159420289855072 0.20108695652173914 0.036231884057971016 0.06521739130434782
0 0.1240942028985507 0.19655797101449274 0.04166666666666666 0.059782608695652176
0 0.958940992586829 0.3189987824382823 0.03262086660999183 0.029246294202061627
0 0.13273318137858747 0.31393692382638694 0.04949372864964279 0.03262086660999183
0 0.7947118020675598 0.7425076196335211 0.03262086660999183 0.03262086660999183
0 0.7620909354575679 0.7599429104078268 0.030371151671371725 0.05399315852688304
