0 0.22735507246376815 0.5960144927536232 0.038043478260869575 0.04710144927536233
0 0.2255434782608696 0.5443840579710144 0.034420289855072464 0.038043478260869575
0 0.279891304347826 0.5480072463768115 0.04166666666666666 0.038043478260869575
0 0.3043478260869566 0.6068840579710145 0.050724637681159424 0.04710144927536233
0 0.31702898550724634 0.677536231884058 0.057971014492753624 0.057971014492753624
0 0.3523550724637681 0.5932971014492754 0.04528985507246377 0.04891304347826087
0 0.13496376811594202 0.6286231884057971 0.04528985507246377 0.05434782608695652
0 0.06793478260869565 0.5887681159420289 0.05253623188405797 0.039855072463768106
0 0.040760869565217385 0.6739130434782608 0.04166666666666666 0.04710144927536233
0 0.09057971014492754 0.6956521739130435 0.05434782608695652 0.036231884057971016
0 0.16032608695652173 0.6884057971014492 0.05615942028985507 0.04710144927536233
0 0.20108695652173914 0.9003623188405797 0.043478260869565216 0.06521739130434782
0 0.1331521739130435 0.911231884057971 0.059782608695652176 0.04710144927536233
0 0.29257246376811596 0.9139492753623187 0.059782608695652176 0.04891304347826087
0 0.29347826086956524 0.8523550724637681 0.036231884057971016 0.04891304347826087
0 0.11231884057971016 0.7518115942028986 0.04710144927536233 0.050724637681159424
0 0.020833333333333336 0.7708333333333333 0.02717391304347826 0.05615942028985507
0 0.4248188405797101 0.9121376811594203 0.05615942028985507 0.034420289855072464
0 0.3532608695652174 0.8623188405797102 0.06521739130434782 0.039855072463768106
0 0.8523550724637681 0.747282608695652 0.03079710144927537 0.0670289855072464
0 0.8505434782608696 0.6884057971014492 0.05253623188405797 0.04710144927536233
0 0.9003623188405797 0.8161231884057972 0.06884057971014493 0.038043478260869575
0 0.8967391304347827 0.776268115942029 0.036231884057971016 0.04891304347826087
0 0.6521739130434783 0.7382246376811594 0.03260869565217391 0.04528985507246377
0 0.605072463768116 0.683876811594203 0.057971014492753624 0.038043478260869575
0 0.5353260869565217 0.707427536231884 0.02717391304347826 0.05615942028985507
0 0.5670289855072465 0.7717391304347825 0.021739130434782608 0.04710144927536233
0 0.644927536231884 0.7934782608695641 0.047101449275362306 0.032608695652173864
0 0.7028985507246377 0.8070652173913043 0.021739130434782608 0.05615942028985507
0 0.6874999999999999 0.7581521739130435 0.04166666666666666 0.034420289855072464
0 0.7273550724637681 0.7472826086956522 0.019927536231884053 0.04891304347826087
0 0.730072463768116 0.8505434782608695 0.025362318840579712 0.04891304347826087
0 0.7880434782608696 0.8813405797101449 0.06884057971014493 0.034420289855072464
0 0.7681159420289855 0.8333333333333335 0.05434782608695652 0.043478260869565216
0 0.6086956521739129 0.6394927536231886 0.039855072463768106 0.06159420289855074
0 0.5534420289855073 0.6250000000000001 0.05253623188405797 0.03260869565217391
0 0.5471014492753623 0.5932971014492753 0.039855072463768106 0.05253623188405797
0 0.5045289855072463 0.6177536231884057 0.03079710144927537 0.050724637681159424
0 0.5099637681159419 0.681159420289855 0.023550724637681163 0.050724637681159424
0 0.3505434782608695 0.36594202898550726 0.038043478260869575 0.05434782608695652
0 0.2509057971014493 0.37771739130434784 0.05615942028985507 0.0670289855072464
0 0.1693840579710145 0.35144927536231885 0.038043478260869575 0.057971014492753624
0 0.10960144927536232 0.36684782608695654 0.05615942028985507 0.034420289855072464
0 0.07518115942028986 0.35507246376811596 0.04891304347826087 0.036231884057971016
0 0.42844202898550726 0.3759057971014492 0.04891304347826087 0.038043478260869575
0 0.49637681159420305 0.4682971014492754 0.06159420289855074 0.04166666666666666
0 0.48913043478260865 0.5253623188405797 0.039855072463768106 0.028985507246376812
0 0.4682971014492754 0.572463768115942 0.02717391304347826 0.050724637681159424
0 0.45199275362318836 0.634963768115942 0.038043478260869575 0.04166666666666666
0 0.42844202898550726 0.7273550724637681 0.05253623188405797 0.034420289855072464
0 0.4510869565217391 0.7663043478260869 0.036231884057971016 0.04710144927536233
0 0.11956521739130434 0.8052536231884058 0.039855072463768106 0.034420289855072464
0 0.17572463768115942 0.8568840579710145 0.039855072463768106 0.050724637681159424
0 0.1394927536231884 0.855072463768116 0.050724637681159424 0.039855072463768106
0 0.05797101449275362 0.7472826086956522 0.036231884057971016 0.05253623188405797
0 0.059782608695652176 0.802536231884058 0.050724637681159424 0.039855072463768106
0 0.0480072463768116 0.5280797101449275 0.038043478260869575 0.06340579710144928
0 0.09963768115942029 0.5389492753623187 0.043478260869565216 0.04528985507246377
0 0.09148550724637682 0.4673913043478261 0.02717391304347826 0.04710144927536233
0 0.18206521739130438 0.4963768115942029 0.034420289855072464 0.043478260869565216
0 0.1431159420289855 0.4719202898550725 0.043478260869565216 0.04891304347826087
0 0.13677536231884058 0.5489130434782608 0.03079710144927537 0.06159420289855074
0 0.16938405797101452 0.5371376811594202 0.034420289855072464 0.04166666666666666
0 0.22916666666666663 0.6340579710144928 0.04891304347826087 0.028985507246376812
0 0.2418478260869565 0.6666666666666667 0.05615942028985507 0.039855072463768106
0 0.19655797101449277 0.8233695652173912 0.05615942028985507 0.03079710144927537
0 0.15760869565217392 0.7635869565217392 0.025362318840579712 0.06340579710144928
0 0.19927536231884063 0.7880434782608695 0.06159420289855074 0.039855072463768106
0 0.2210144927536232 0.7264492753623188 0.06159420289855074 0.028985507246376812
0 0.18206521739130432 0.641304347826087 0.04891304347826087 0.036231884057971016
0 0.28442028985507245 0.7264492753623188 0.050724637681159424 0.03260869565217391
0 0.2065217391304348 0.6875 0.03260869565217391 0.04891304347826087
0 0.26177536231884063 0.6992753623188406 0.03079710144927537 0.05434782608695652
0 0.26268115942028986 0.7844202898550725 0.028985507246376812 0.04710144927536233
0 0.322463768115942 0.7817028985507247 0.050724637681159424 0.038043478260869575
0 0.35597826086956524 0.7717391304347827 0.034420289855072464 0.057971014492753624
0 0.35688405797101447 0.7228260869565217 0.057971014492753624 0.043478260869565216
0 0.3768115942028985 0.8106884057971014 0.050724637681159424 0.05615942028985507
0 0.5978260869565217 0.8740942028985508 0.039855072463768106 0.04891304347826087
0 0.40126811594202894 0.6231884057971014 0.038043478260869575 0.036231884057971016
0 0.36775362318840576 0.5335144927536231 0.036231884057971016 0.04166666666666666
0 0.4338768115942029 0.5434782608695652 0.04891304347826087 0.036231884057971016
0 0.6856884057971014 0.7019927536231885 0.04166666666666666 0.04166666666666666
0 0.5969202898550724 0.733695652173913 0.05253623188405797 0.04710144927536233
0 0.7382246376811594 0.7010869565217392 0.05615942028985507 0.039855072463768106
0 0.7989130434782608 0.6829710144927535 0.036231884057971016 0.04710144927536233
0 0.8106884057971014 0.7373188405797102 0.02717391304347826 0.039855072463768106
0 0.48913043478260865 0.8496376811594203 0.025362318840579712 0.05434782608695652
0 0.523550724637681 0.9012681159420292 0.0507246376811594 0.023550724637681153
0 0.5688405797101449 0.8414855072463768 0.03260869565217391 0.04891304347826087
0 0.677536231884058 0.8786231884057972 0.05434782608695652 0.039855072463768106
0 0.6965579710144928 0.6458333333333333 0.05253623188405797 0.038043478260869575
0 0.8496376811594203 0.625 0.036231884057971016 0.043478260869565216
0 0.8867753623188405 0.6204710144927535 0.04166666666666666 0.059782608695652176
0 0.5923913043478259 0.5498188405797102 0.057971014492753624 0.04891304347826087
0 0.6639492753623187 0.4519927536231884 0.04166666666666666 0.04891304347826087
0 0.605072463768116 0.473731884057971 0.06159420289855074 0.02717391304347826
0 0.6893115942028984 0.358695652173913 0.04166666666666666 0.043478260869565216
0 0.6621376811594203 0.3125 0.034420289855072464 0.04891304347826087
0 0.769927536231884 0.45289855072463764 0.036231884057971016 0.057971014492753624
0 0.8179347826086957 0.4501811594202899 0.05253623188405797 0.04166666666666666
0 0.8795289855072465 0.4628623188405797 0.04891304347826087 0.04528985507246377
0 0.8786231884057972 0.34782608695652173 0.03260869565217391 0.050724637681159424
0 0.634963768115942 0.06068840579710146 0.038043478260869575 0.059782608695652176
0 0.35778985507246375 0.09692028985507246 0.04528985507246377 0.05615942028985507
0 0.259963768115942 0.07518115942028986 0.034420289855072464 0.05253623188405797
0 0.20923913043478262 0.09692028985507246 0.034420289855072464 0.06340579710144928
0 0.14130434782608695 0.11865942028985507 0.07608695652173915 0.02717391304347826
0 0.6929347826086957 0.05072463768115942 0.05615942028985507 0.06521739130434782
