0 0.6061215454464141 0.5966572275730245 0.024170491076083975 0.013014879810199165
0 0.6323518820881869 0.595160721494369 0.017316892266867355 0.015742629333513877
0 0.6682975523997142 0.5542298852272276 0.012594103466812692 0.019940663822453398
0 0.6192330243102574 0.5741705490496806 0.014168366400163895 0.012594103466812466
0 0.6525549230661987 0.5460961934049109 0.01049508622234381 0.01101984053346098
0 0.6646242722218939 0.5272050382046922 0.018891155200218737 0.00997033191122654
0 0.6717603786195288 0.5056901114488874 0.01731689226686723 0.01206934915569532
0 0.6578024661773705 0.4786652644263523 0.020990172444687517 0.010495086222343708
0 0.6334013907104211 0.5573784110939307 0.016267383644632778 0.009445577600109369
0 0.6021785091989486 0.58361612664979 0.01259410346681249 0.01364361208904683
0 0.5843368626209641 0.594635967183251 0.01049508622234381 0.018891155200218737
0 0.5633466901762766 0.6027696590055673 0.01469312071128117 0.015217875022398446
0 0.5339604487537142 0.6006706417610986 0.014693120711281269 0.01101984053346098
0 0.4859454292864915 0.6040815447833602 0.014168366400164103 0.016792137955750054
0 0.4227125347968703 0.5975221158943953 0.012594103466812591 0.01626738364463288
0 0.41431646581899534 0.5896508012276377 0.01154459484457815 0.016267383644632778
0 0.3993609679521555 0.5925369499387821 0.02361394400027347 0.01364361208904693
0 0.5953567031544251 0.5649873486051298 0.017841646577984396 0.014168366400164003
0 0.6126735954212923 0.5534427537605516 0.015742629333515612 0.015217875022398446
0 0.623168681643636 0.5631507085162195 0.016792137955750054 0.008396068977875027
0 0.6428469683105307 0.5230070037157547 0.01836640088910167 0.01941590951133601
0 0.6452083627105578 0.5056901114488874 0.019940663822453176 0.01206934915569532
0 0.6745946041331204 0.47840288727079366 0.009445577600109369 0.014168366400164103
0 0.6856144446665815 0.47866526442635227 0.007346560355640585 0.014693120711281269
0 0.6808916558665268 0.4477047600704384 0.01364361208904683 0.014693120711281269
0 0.6709213239553002 0.46056124069280924 0.01364361208904683 0.00997033191122654
0 0.6635747635996596 0.4442938570481764 0.017841646577984288 0.014168366400164051
0 0.6546539403106674 0.45505132042607876 0.016792137955749954 0.010495086222343759
0 0.6417974596882963 0.4660711609595398 0.01731689226686723 0.010495086222343708
0 0.6336637678659798 0.49781879678212976 0.016792137955749954 0.01101984053346098
0 0.6470450027994681 0.49204649935984074 0.01311885777792966 0.0089208232889923
0 0.6320895049326282 0.4867989562486688 0.014693120711281269 0.00997033191122654
0 0.6334013907104211 0.47551673855964927 0.01731689226686723 0.009445577600109369
0 0.6465202484883511 0.4356354109147429 0.007871314666757757 0.011544594844578098
0 0.6315647506215111 0.44035819971479767 0.020990172444687517 0.016792137955750054
0 0.6192330243102572 0.4647592751817468 0.02046541813357035 0.01206934915569532
0 0.6336637678659798 0.5445219304715594 0.016792137955749954 0.01206934915569532
0 0.616084498443554 0.5382248787381532 0.015217875022398446 0.015217875022398446
0 0.627104338977015 0.5295664326047196 0.00997033191122654 0.010495086222343708
0 0.6244805674214291 0.5230070037157547 0.014168366400164103 0.00997033191122654
0 0.6229063044880776 0.5109376545600595 0.01731689226686723 0.008920823288992198
0 0.5465545522205265 0.5896508012276375 0.011544594844578048 0.017316892266867123
0 0.5636090673318352 0.5804676007830869 0.01311885777792966 0.01994066382245308
0 0.5769903022653236 0.5733834175830048 0.01889115520021884 0.01731689226686723
0 0.498539532753304 0.596997361583278 0.01206934915569532 0.01206934915569532
0 0.45472254777501875 0.586239898205376 0.009445577600109471 0.014693120711281269
0 0.437143278352593 0.5760071891385907 0.019415909511335906 0.015217875022398344
0 0.40067285372994843 0.576531943449708 0.016792137955750054 0.01206934915569532
0 0.39542531061877645 0.5673487430051571 0.018891155200218786 0.014693120711281376
0 0.41011843133005776 0.5537051309161102 0.018891155200218737 0.016792137955749954
0 0.39883621364103833 0.5387496330492703 0.021514926755804686 0.016267383644632778
0 0.3765341554185578 0.5479328334938212 0.016792137955750054 0.017841646577984396
0 0.3946381791521008 0.5579031654050478 0.016267383644632837 0.01259410346681249
0 0.37863317266302654 0.4849623161597586 0.014693120711281222 0.015742629333515612
0 0.3865044873297843 0.4623978807817195 0.017841646577984396 0.01574262933351566
0 0.3956876877743351 0.43957106824812187 0.022564435378039028 0.013118857777929711
0 0.4253363063524563 0.4196304044256686 0.016792137955749954 0.014168366400164051
0 0.40513326537444455 0.4658087838039813 0.01206934915569532 0.01836640088910156
0 0.4006728537299484 0.4826009217597313 0.02203968106692191 0.01626738364463288
0 0.3996233451077141 0.4946702709154266 0.018891155200218737 0.01101984053346098
0 0.4001480994188313 0.5130366718045282 0.015742629333515716 0.015217875022398545
0 0.45157402190831564 0.5589526740272821 0.02623771555585932 0.01469312071128117
0 0.4405541813748547 0.5442595533160008 0.016792137955749954 0.012594103466812591
0 0.4363561468859172 0.5237941351824307 0.016792137955750054 0.02203968106692186
0 0.42586106066357343 0.505427734293329 0.016792137955749954 0.01259410346681249
0 0.4158907287523469 0.48968510495981327 0.014693120711281269 0.01994066382245308
0 0.4182521231523742 0.4686949325151259 0.019415909511335906 0.014693120711281269
0 0.4261234378191321 0.4540018118038444 0.01206934915569532 0.018891155200218786
0 0.44002942706373743 0.4490166458482313 0.018891155200218737 0.01836640088910156
0 0.44134131284153044 0.4907346135820477 0.021514926755804686 0.014693120711281269
0 0.4405541813748547 0.4713187040707117 0.016792137955749954 0.017841646577984396
0 0.4604948451973078 0.469219686826243 0.01469312071128117 0.019940663822453176
0 0.4578710736417218 0.44560574282596954 0.01259410346681249 0.014693120711281269
0 0.505623715953386 0.5870270296720519 0.016792137955750054 0.00997033191122654
0 0.49906428706442113 0.5689230059385088 0.02046541813357035 0.01364361208904693
0 0.48279690341978837 0.5723339089607704 0.013118857777929765 0.013118857777929765
0 0.4825345262642297 0.5870270296720517 0.017841646577984396 0.01206934915569532
0 0.521103968131343 0.5799428464719697 0.01311885777792966 0.015742629333515716
0 0.530287168575894 0.5731210404274463 0.01364361208904683 0.017841646577984396
0 0.5441931578204993 0.565512102916247 0.022564435378039028 0.015217875022398446
0 0.5948319488433078 0.5458338162493523 0.014693120711281269 0.01259410346681249
0 0.5756784164875305 0.5526556222938758 0.014168366400164003 0.015742629333515515
0 0.5958814574655422 0.4474423829148796 0.01259410346681249 0.019415909511335958
0 0.5764655479542063 0.4406205768703563 0.017841646577984396 0.01311885777792966
0 0.5528516039539327 0.4324868850480398 0.020990172444687517 0.011544594844578098
0 0.5381584832426516 0.442719594114825 0.010495086222343708 0.013118857777929711
0 0.5226782310646947 0.44429385704817653 0.01206934915569532 0.016267383644632837
0 0.5116583905312336 0.44744238291487975 0.007871314666757757 0.014168366400164051
0 0.5216287224424603 0.4734177213151805 0.015217875022398446 0.017841646577984396
0 0.5163811793312884 0.5235317580268718 0.00892082328899216 0.022564435378039028
0 0.5009009271533312 0.5156604433601142 0.017841646577984396 0.019415909511335906
0 0.49749002413106963 0.5397991416715049 0.015217875022398446 0.014168366400164003
0 0.4961781383532765 0.5513437365160828 0.01364361208904683 0.009970331911226642
0 0.48122264048643665 0.5261555295824578 0.01206934915569532 0.01731689226686723
0 0.4607572223528664 0.5195961006934932 0.01731689226686723 0.01364361208904693
0 0.47361370297523747 0.4923088765153993 0.017841646577984396 0.01364361208904683
0 0.5300247914203352 0.5274674153602508 0.01101984053346098 0.018891155200218737
0 0.5436684035093822 0.4734177213151805 0.013118857777929765 0.01364361208904683
0 0.552851603953933 0.4833880532264071 0.015742629333515612 0.01364361208904693
0 0.5567872612873118 0.5012296998043915 0.006821806044523415 0.01259410346681249
0 0.5239124532044424 0.4993068851882406 0.019683534210005797 0.0171437233441986
0 0.5039114426362107 0.479623350978235 0.015238865194843158 0.02095343964290929
0 0.48264052663507556 0.46374953306693995 0.019683534210005696 0.015873817911294906
0 0.4823230502768495 0.4462883333645155 0.016508770627746753 0.010159243463228723
0 0.46549680329087684 0.5396263826829297 0.0171437233441985 0.01396895976193956
0 0.547088227354933 0.5256574229209903 0.020318486926457494 0.008889338030325176
0 0.565819332490261 0.5180379903235687 0.018413628777102106 0.011429148896132266
0 0.5950271574470436 0.5062913650692105 0.018413628777102106 0.01206410161258422
0 0.5775659577446192 0.5069263177856622 0.016508770627746753 0.010794196179680622
0 0.5680416669978421 0.49549716888952994 0.012699054329035963 0.012064101612584114
0 0.6080436881343055 0.4926398816654967 0.019048581493553842 0.00888933803032528
0 0.5858203430584926 0.4923224053072709 0.017778676060650353 0.01079419617968052
0 0.5899475357154293 0.4815282091275903 0.02095343964290929 0.009524290746776921
0 0.6042339718355946 0.4691466311567803 0.016508770627746652 0.015238865194843158
0 0.5820106267597819 0.4685116784403285 0.015238865194843158 0.01396895976193956
0 0.5648669034155833 0.4672417730074248 0.015238865194843059 0.008889338030325176
0 0.559469805325743 0.4567650531859702 0.02222334507581289 0.013334007045487763
0 0.58137567404333 0.5205778011893759 0.020318486926457446 0.011429148896132266
0 0.5956621101634954 0.53264190280196 0.015873817911295007 0.010159243463228773
0 0.5451833692055776 0.5475632916385773 0.020318486926457446 0.014603912478391412
0 0.5613746634750985 0.5526429133701916 0.01206410161258422 0.015873817911294805
0 0.5785183868192969 0.5367690954588966 0.018413628777102106 0.010794196179680622
0 0.5286745985778308 0.5469283389221254 0.010159243463228875 0.014603912478391313
0 0.5137532097412134 0.5478807679968033 0.014603912478391313 0.015238865194843158
0 0.6305845095683442 0.30278901944640935 0.02984277767323447 0.0177786760606503
0 0.6524903782859313 0.2609468472039522 0.01206410161258422 0.01587381791129496
0 0.666141861689645 0.22570697144087737 0.015238865194843158 0.012699054329035918
0 0.6309019859265702 0.20030886278280546 0.012064101612584114 0.013968959761939539
0 0.646458327479639 0.22507201872442562 0.01396895976193956 0.012699054329035918
0 0.6299495568518925 0.23110406953071766 0.012699054329035963 0.014603912478391313
0 0.6378864658075399 0.26443908714443704 0.0171437233441985 0.016508770627746708
0 0.6118534044330162 0.2574546072634673 0.0171437233441985 0.016508770627746753
0 0.5959795865217213 0.3057110137138038 0.0171437233441985 0.010159243463228723
0 0.5839154849091371 0.32412464249090606 0.014603912478391412 0.012699054329035963
0 0.5956621101634955 0.23269145132184715 0.01396895976193956 0.0177786760606503
0 0.6016941609697875 0.24570798200910896 0.01079419617968052 0.009524290746776975
0 0.38422285558504676 0.29459934117589737 0.02793791952387912 0.02984277767323447
0 0.433749167468287 0.28444009771266865 0.020318486926457494 0.010794196179680571
0 0.44263850549861233 0.2685662798013737 0.012699054329035918 0.0171437233441985
0 0.4270821639455432 0.2657089925773406 0.018413628777102155 0.012699054329035918
0 0.4115258223924741 0.277138141473473 0.012699054329035918 0.024128203225168284
0 0.39692190991408277 0.25967694177104866 0.021588392359361094 0.013334007045487763
0 0.3793695310015759 0.26187648147610915 0.018413628777102106 0.013334007045487713
0 0.42993945116957627 0.24824779287491622 0.012699054329035963 0.013334007045487763
0 0.4188277786316698 0.23681864397878385 0.014603912478391356 0.013334007045487713
0 0.41057339331779646 0.24888274559136797 0.01079419617968052 0.01587381791129496
0 0.3934296699735979 0.24158078935217236 0.023493250508716534 0.015238865194843158
0 0.3985092917052123 0.23269145132184715 0.012064101612584166 0.012699054329035918
0 0.3804131392863361 0.22030987335103713 0.015238865194843158 0.012064101612584166
0 0.3842228555850468 0.2044360554397422 0.022858297792264736 0.009524290746776949
0 0.3870801428090799 0.19014961931957672 0.020953439642909345 0.012699054329035942
0 0.3877150955255317 0.16697384516908614 0.014603912478391356 0.017143723344198527
0 0.39882676806343814 0.18157775764747747 0.019048581493553898 0.013334007045487763
0 0.40930348788489285 0.18602242666264004 0.018413628777102106 0.01587381791129493
0 0.43914626555812725 0.1930069065436098 0.0171437233441985 0.019683534210005696
0 0.42517730579618773 0.18062532857279975 0.013334007045487763 0.01396895976193956
0 0.43501907290119063 0.14665535824262863 0.011429148896132368 0.020953439642909317
0 0.40462162992110534 0.16856505116864987 0.014168366400164051 0.014693120711281269
0 0.4148543389878905 0.16357988521303665 0.01679213795575001 0.01836640088910159
0 0.41800286485459365 0.14705012441284518 0.014693120711281269 0.01679213795575001
0 0.4479138605882734 0.14337684423502484 0.018891155200218737 0.012594103466812516
0 0.4458148433438047 0.16200562227968504 0.017841646577984396 0.01206934915569532
0 0.4505376321438592 0.1677779197019741 0.01679213795575001 0.009970331911226588
0 0.453948535166121 0.18115915463546237 0.015217875022398446 0.01469312071128125
0 0.4308593454769648 0.16489177099082958 0.01311885777792966 0.017841646577984396
0 0.4809733821886562 0.14967389596843111 0.008396068977875027 0.01469312071128125
0 0.4707406731218712 0.1507234045906655 0.01101984053346098 0.01259410346681249
0 0.4694287873440782 0.1588570964129819 0.008396068977875027 0.009970331911226588
0 0.4757258390774844 0.16856505116864987 0.015742629333515612 0.010495086222343759
0 0.47546346192192573 0.17591161152429052 0.00997033191122654 0.01259410346681249
0 0.4988150287666406 0.14914914165731394 0.01049508622234381 0.015742629333515612
0 0.4885823196998554 0.14705012441284515 0.005772297422289075 0.01574262933351564
0 0.5137705266334806 0.14416397570170064 0.015217875022398446 0.009970331911226562
0 0.536072584855961 0.1541343076129272 0.011544594844578048 0.014168366400164051
0 0.5250527443224999 0.1538719304573686 0.01259410346681249 0.01889115520021876
0 0.5581122659228829 0.1588570964129819 0.009445577600109369 0.01206934915569532
0 0.5730677637897227 0.15492143907960298 0.014168366400164103 0.008396068977875027
0 0.5840876043231835 0.17512448005761475 0.014168366400164103 0.013118857777929711
0 0.5683449749896681 0.16830267401309126 0.007871314666757858 0.011019840533460955
0 0.5470924253894219 0.18063440032434522 0.016792137955750054 0.01154459484457815
0 0.5686073521452266 0.18614432059107566 0.005247543111171905 0.01206934915569532
0 0.5733301409452812 0.1921789951689233 0.008396068977875027 0.008396068977875005
0 0.5804143241453633 0.18771858352442725 0.01311885777792966 0.009970331911226588
0 0.41013155018783587 0.2231394995248374 0.018891155200218737 0.018891155200218737
0 0.4135424532100976 0.21211965899137644 0.013118857777929711 0.010495086222343759
0 0.4211513907212968 0.21972859650257567 0.012594103466812542 0.01206934915569532
0 0.43348311703255066 0.21867908788034135 0.016267383644632837 0.015217875022398446
0 0.44135443169930844 0.23494647152497414 0.01101984053346093 0.016267383644632778
0 0.45184951792165223 0.2391445060139117 0.019415909511335958 0.008920823288992198
0 0.4657555071662578 0.2373078659250015 0.017841646577984396 0.014693120711281222
0 0.47808723347751175 0.2275999111693335 0.02046541813357035 0.01836640088910156
0 0.45814656965505846 0.21474343054696238 0.01101984053346098 0.012594103466812516
0 0.44214156316598424 0.3076249436147046 0.020990172444687517 0.01154459484457815
0 0.4447653347215703 0.3178576526814898 0.01259410346681249 0.01101984053346098
0 0.45263664938832804 0.29634272592568517 0.027287224178093764 0.005772297422289075
0 0.45998320974396867 0.2845357539255484 0.02203968106692191 0.009445577600109369
0 0.47992387356642185 0.2798129651254937 0.009445577600109369 0.02308918968915625
0 0.45788419249949996 0.25200098663628273 0.01679213795575001 0.007346560355640634
0 0.4689040330329609 0.24859008361402105 0.01574262933351566 0.006821806044523415
0 0.4864833024553867 0.24990196939181397 0.01311885777792966 0.013643612089046882
0 0.45473566663279674 0.19401563525783344 0.012594103466812542 0.009970331911226562
0 0.4683792787218437 0.1929661266355991 0.01049508622234381 0.016267383644632805
0 0.4825476451220078 0.19427801241339207 0.01259410346681249 0.015742629333515612
0 0.49199322272211715 0.18850571499110302 0.01364361208904683 0.01889115520021876
0 0.5027506861000194 0.18142153179102094 0.01206934915569532 0.014168366400164051
0 0.5048497033444882 0.16987693694644282 0.01311885777792966 0.017316892266867202
0 0.5300379102781132 0.17381259427982174 0.01101984053346088 0.01469312071128125
0 0.5439438995227188 0.16436701667971232 0.017841646577984396 0.014693120711281269
0 0.5943455015969025 0.2586030829965654 0.011926234343572407 0.010018036848600859
0 0.5554659776368561 0.20254978158177497 0.007632789979886307 0.013357382464801162
0 0.5661995885460714 0.20588912719797522 0.015742629333515716 0.008586888727372156
0 0.5852815634957872 0.2264022502689198 0.013834431838544013 0.020036073697201718
0 0.5735938538390863 0.2266407749557912 0.004770493737429005 0.010018036848600859
0 0.5805110697583583 0.25621783612785093 0.010972135596086608 0.012880333091058209
0 0.5917217300413165 0.272676039521981 0.01812787620223001 0.007632789979886356
0 0.580272545071487 0.2910424404110825 0.007632789979886307 0.013834431838544013
0 0.5836118906876869 0.2815014529362245 0.018127876202229658 0.010972135596086861
0 0.45957905351453354 0.2617039039258942 0.019081974949715915 0.007632789979886356
0 0.5418700704851834 0.19944896065244605 0.010972135596086608 0.010018036848600859
0 0.5313749842628398 0.18728420162200216 0.013834431838544117 0.013357382464801136
0 0.5175405524242958 0.18060551038960163 0.011926234343572407 0.013357382464801136
0 0.5676307366673 0.3165645819063275 0.016696728081001515 0.01335738246480111
0 0.5733553291522149 0.30273015006778353 0.016696728081001515 0.00954098747485801
0 0.5542733542024988 0.2962899835222542 0.013834431838543769 0.017650826828486916
0 0.46005610288827653 0.3227662237649852 0.015265579959772712 0.011449184969829612
0 0.46840446692877724 0.3156104831588417 0.01288033309105826 0.014311481212286911
0 0.47794545440363523 0.3108399894214128 0.013834431838544013 0.01621967870725851
0 0.5189717005455244 0.296051458835383 0.015742629333515612 0.019081974949715915
0 0.5382922001821118 0.2943817860272827 0.01335738246480111 0.014788530586029813
0 0.5261274411516679 0.2803088295018673 0.01765082682848732 0.017173777454744313
0 0.5635758169904854 0.24786947208735022 0.02003607369720182 0.012403283717315361
0 0.5673922119804287 0.2364202871175207 0.01812787620223022 0.009540987474857933
0 0.5647684404248426 0.223301429339591 0.013834431838544117 0.007155740606143456
0 0.5661995885460713 0.21447601592534737 0.018604925575973114 0.008586888727372182
0 0.5475946629700983 0.22187028121836228 0.013834431838543907 0.011926234343572461
0 0.5433012186064122 0.21209076905663288 0.011926234343572407 0.017173777454744344
0 0.49416513311089383 0.20755880000607538 0.011926234343572513 0.014788530586029837
0 0.5115774352525093 0.20898994812730404 0.015265579959772613 0.017650826828487242
0 0.5199257992930102 0.19730223847060308 0.013834431838544013 0.01621967870725851
0 0.5299438361416108 0.20588912719797522 0.0119262343435725 0.017173777454744334
0 0.5246962930304391 0.3165645819063275 0.011926234343572513 0.017173777454744313
0 0.5339987558184256 0.31417933503761303 0.012403283717315387 0.017173777454744295
0 0.5464020395357411 0.3139408103507416 0.014311481212286809 0.01860492557597302
0 0.5659610638591999 0.29032686635046817 0.015265579959772704 0.01144918496982956
0 0.49368808373715084 0.31608753253258465 0.013834431838544117 0.011449184969829506
0 0.5058528427675948 0.32586704469431405 0.020036073697201614 0.01001803684860091
0 0.5099077624444094 0.3134637609769987 0.014788530586029709 0.015742629333515612
0 0.5466405642226124 0.28460227386555337 0.020513123070944515 0.014311481212287014
0 0.558566798566185 0.2788776813806386 0.020513123070944616 0.014311481212286911
0 0.5664381132329427 0.27196046546136654 0.01812787620223022 0.013834431838544013
0 0.4989356268483227 0.2977211316434831 0.020513123070944616 0.01097213559608666
0 0.4970274293533511 0.2891342429161109 0.016696728081001415 0.01288033309105826
0 0.4939266084240223 0.27124489140075225 0.01049508622234381 0.01621967870725851
0 0.5101462871312807 0.2731530888957238 0.00858688872737221 0.01621967870725851
0 0.5027520218382658 0.2688596445320377 0.010018036848600807 0.020036073697201666
0 0.5082380896363092 0.25574078675410805 0.01812787620223001 0.011926234343572407
0 0.521356947414239 0.2679055457845519 0.015742629333515612 0.012403283717315361
0 0.5187782708885869 0.24413022056190178 0.019846078596701715 0.014514296287140094
0 0.5008575581258935 0.24235295979204788 0.01184840513235918 0.011552195004050247
0 0.5377357191003616 0.26575355992845745 0.013921876030522022 0.012737035517286239
0 0.5596552685952262 0.26205093332459517 0.019846078596701715 0.011848405132359286
0 0.5424750811533054 0.2576077813999605 0.015106716543758064 0.009478724105887456
0 0.5436599216665413 0.25123926364131743 0.015106716543758064 0.010959774747432278
0 0.5349217228814264 0.23331855087862402 0.01895744821177481 0.010071144362505401
0 0.5298861507001734 0.22132204068211017 0.013625665902213192 0.015699136800376032
0 0.5078184961411546 0.2236917217085821 0.012144615260668217 0.01095977474743233
0 0.2026602713302428 0.16217707745643145 0.01859268544314154 0.01766305117098447
0 0.17242046622055407 0.15611724463674778 0.018637541273201143 0.020429612549470476
0 0.23102119695456147 0.177263685696726 0.008960356381346724 0.01684546999693175
0 0.21847669802067607 0.1643607725075868 0.009677184891854445 0.014694984465408588
0 0.21883511227593 0.1794141712282492 0.008243527870838947 0.013261327444393112
0 0.25288446652504737 0.18568642069519187 0.012544498933885364 0.013619741699646975
0 0.234963753762354 0.16221028697606354 0.010394013402362168 0.012544498933885364
0 0.22116480493508006 0.14195988155422 0.010035599147108307 0.013619741699646975
0 0.2419528317398045 0.14894895953167045 0.014336570210154673 0.016845469996931782
0 0.25933592311961706 0.15611724463674775 0.013261327444393088 0.013261327444393112
0 0.2401607604635351 0.1921378772897615 0.009318770636600505 0.010752427657616003
0 0.25306367365267435 0.1991269552672119 0.011469256168123781 0.009677184891854445
0 0.2611279943958863 0.21023779718008181 0.010394013402362194 0.011110841912869894
0 0.24679142418573172 0.22099022483769779 0.009677184891854419 0.013261327444393088
0 0.23801027493201193 0.21633083951939758 0.007168285105077388 0.015411812975916308
0 0.23173802546506925 0.20378634058551223 0.008960356381346696 0.014694984465408588
0 0.2181182837654222 0.2010982336711082 0.009677184891854445 0.014336570210154725
0 0.20414012781052138 0.19464677707653855 0.010394013402362168 0.017203884252185643
0 0.20396092068289445 0.2218862604758325 0.008601942126092811 0.018637541273201143
0 0.21399651983000273 0.23299710238870244 0.017203884252185667 0.011469256168123781
0 0.2303043684440537 0.2290545455809099 0.016128641486424032 0.014336570210154725
0 0.24822508120674713 0.23891093760039123 0.013261327444393088 0.015411812975916284
0 0.24697063131335859 0.2539643363210537 0.01577022723117017 0.013261327444393088
0 0.2589775088643631 0.26597121387205824 0.011110841912869866 0.0150533987206625
0 0.23442613237947316 0.26973456355222386 0.007885113615585061 0.014694984465408534
0 0.18460655089918557 0.2835335123794978 0.009318770636600556 0.017203884252185667
0 0.14894433250142583 0.291239418867456 0.013978155954901006 0.016845469996931442
0 0.16632742388123833 0.3030670892908336 0.015053398720662447 0.01326132744439314
0 0.2501963596106434 0.299303739610668 0.017203884252185667 0.014336570210154673
0 0.23693503216625025 0.2840711337623786 0.012902913189139225 0.01182767042337764
0 0.22259846195609562 0.2864008264215288 0.010035599147108307 0.014336570210154673
0 0.19213325025951683 0.27421474174289723 0.015053398720662447 0.011469256168123781
0 0.20772427036306007 0.25701085749071156 0.011110841912869894 0.012902913189139225
0 0.2005559852579827 0.2426742872805569 0.008243527870838947 0.012902913189139277
0 0.23543584962952416 0.3006479751747847 0.008145778528496999 0.01629155705699395
0 0.2406491478877622 0.3203607592137474 0.019875699609532643 0.012707414504455285
0 0.26394607447926366 0.32589988861312535 0.01563989477471422 0.015965725915854115
0 0.2681818793140821 0.3397477121115702 0.014336570210154725 0.014336570210154673
0 0.25270490010993774 0.33697814741188126 0.01661738819813389 0.012055752222175507
0 0.24993533541024882 0.34675308164607765 0.013684907927874947 0.01140408993989573
0 0.2585698606504556 0.3560392691685642 0.016617388198133843 0.01303324564559517
0 0.22582383096589773 0.337629809694161 0.014336570210154725 0.017269050480413616
0 0.21523431887885164 0.3174282789434885 0.010752427657616056 0.014010739069014835
0 0.2013864953804067 0.30911958484442154 0.012381583363315397 0.01629155705699395
0 0.20334148222724596 0.33583773841789166 0.018898206186113053 0.008471609669636887
0 0.16635964770786965 0.3542471978922949 0.012055752222175531 0.020527361891812448
0 0.15609596676196344 0.3291582000245241 0.009123271951916614 0.016617388198133843
0 0.16538215428445002 0.3298098623068039 0.01140408993989578 0.01922403732725289
0 0.17532000408921636 0.31791702565519825 0.012381583363315418 0.022156517597511784
0 0.19845401511014782 0.32231574606058666 0.020853193032952334 0.010100765375336279
0 0.18933074315823117 0.3314390180125033 0.020853193032952282 0.012707414504455334
0 0.18819033416424158 0.351314717622036 0.018572375044973142 0.013359076786735058
0 0.20676270920921472 0.35359553561001505 0.014010739069014835 0.016617388198133843
0 0.1486018505157462 0.3560392691685642 0.013033245645595194 0.01563989477471422
0 0.14420313011035785 0.3361635695590316 0.016617388198133864 0.01563989477471422
0 0.21120028146516578 0.5415908088364241 0.016162432782409385 0.02078027072024057
0 0.22928116239024698 0.537846657536623 0.019712784038962722 0.012616181784936198
0 0.2365748924846632 0.524047708709349 0.017741505635066487 0.013404693146494652
0 0.24682554018492378 0.5033492854684382 0.022472573804417494 0.014587460188832386
0 0.18886995511037338 0.5597278478198716 0.019318528358183498 0.010644903381039907
0 0.18413888694102235 0.54474613195026 0.020107039719741978 0.010644903381039907
0 0.17033993811374842 0.5348897399307786 0.011433414742598362 0.015375971550390943
0 0.18808144374881489 0.5319328223249342 0.010644903381039883 0.015770227231170223
0 0.21173678459557016 0.5228649416670113 0.015375971550390917 0.009462136338702175
0 0.24623415666375498 0.48679054687570955 0.009462136338702125 0.0161644829119494
0 0.23361797487881872 0.4800882003024622 0.011827670423377614 0.014587460188832386
0 0.2135109351590768 0.48403075711025473 0.016558738592728675 0.00985639201948135
0 0.21765061980725897 0.5009837513837626 0.01616448291194945 0.01222192610415692
0 0.20759709994738798 0.5088688649993477 0.011039159061819135 0.012221926104156818
0 0.2109482732340117 0.4700346804425912 0.01616448291194945 0.017347249954287183
0 0.22967541807102623 0.462740950348175 0.01892427267740422 0.01222192610415692
0 0.23440648624037727 0.44440806119193965 0.022078318123638297 0.014981715869611665
0 0.13111149787621257 0.4349459248532376 0.01419320450805316 0.016558738592728675
0 0.15732950064803305 0.42942634532232793 0.024838107889093065 0.01892427267740425
0 0.18571590966413937 0.4207527203451844 0.013010437465715426 0.01813576131584569
0 0.19636081304517922 0.432580390768562 0.015375971550390943 0.015770227231170223
0 0.20286603177803691 0.4455908282342773 0.02207831812363824 0.018924272677404194
0 0.21075114539362208 0.4191756976220674 0.012616181784936146 0.014981715869611665
0 0.1912354891950489 0.4024198311889491 0.02168406244285902 0.011433414742598362
0 0.22356445501894784 0.4227239987490806 0.012221926104156868 0.014981715869611665
0 0.22652137262479216 0.4053767487947934 0.015770227231170147 0.01577022723117017
0 0.24544564530219642 0.4057710044755726 0.012616181784936146 0.0197127840389627
0 0.2572733157255741 0.41720441921817103 0.01419320450805316 0.01577022723117017
0 0.24012319361167644 0.41858431410089847 0.015375971550390893 0.018530016996624966
0 0.12697181322803044 0.4749628764523319 0.009067880657922845 0.014587460188832386
0 0.14964151487283758 0.4739772372503838 0.01419320450805316 0.010250647700260629
0 0.1695514267521899 0.47870830541973475 0.010644903381039883 0.009462136338702071
0 0.16698876482712482 0.49546417185285313 0.007885113615585112 0.014587460188832491
0 0.1587093955307604 0.5134028053283093 0.012616181784936146 0.012616181784936198
0 0.1492472591920583 0.529961543921038 0.014981715869611665 0.015770227231170223
0 0.1628490801789426 0.5244419643901284 0.010644903381039883 0.014981715869611665
0 0.17290260003881358 0.5143884445302573 0.009462136338702097 0.013010437465715374
0 0.1346597990032259 0.5201051519015567 0.010250647700260603 0.014981715869611665
0 0.14668459726699315 0.5167539786149328 0.008279369296364338 0.013010437465715476
0 0.15240130463829232 0.4982239616183079 0.016558738592728703 0.015375971550390943
0 0.12618330186647195 0.5128114218071402 0.012221926104156868 0.008279369296364338
0 0.12381776778179641 0.49842108945869745 0.009856392019481375 0.013404693146494652
0 0.13564543820517402 0.5019693905857108 0.009856392019481375 0.014981715869611665
0 0.20087909940076082 0.3790163356274751 0.009462136338702097 0.01419320450805316
0 0.1837289772868633 0.369554199288773 0.018530016996624966 0.012616181784936146
0 0.21625507095115176 0.37152547769266925 0.013404693146494652 0.021289806762079765
0 0.2292655084168672 0.36344323623669456 0.01261618178493617 0.01695299427350796
0 0.22965976409764643 0.3855215543603328 0.026020874931430796 0.016952994273507903
0 0.12833605413737798 0.3559523783018887 0.013404693146494652 0.015375971550390943
0 0.1535684177072503 0.39636358558176227 0.0157702272311702 0.014981715869611665
0 0.1332642501471187 0.4152878582591666 0.019318528358183474 0.01419320450805321
0 0.13661542343374233 0.38335314811604687 0.011827670423377614 0.01419320450805321
0 0.12104232404296178 0.38079048619098166 0.01064490338103987 0.014587460188832386
0 0.6277848814551684 0.3471415776131655 0.02341232908996366 0.01605416851883221
0 0.6431701262857159 0.38125668571568405 0.026088023843102368 0.022743405401678983
0 0.7237754307240194 0.3919594647282388 0.028094794907956362 0.014716321142262859
0 0.7110658806466107 0.40834809509121334 0.020067710648540227 0.00602031319456214
0 0.6960150976602053 0.35750989478157796 0.02608802384310228 0.015385244830547578
0 0.8134112049541659 0.39965208714351247 0.02943264228452562 0.011371702700839424
0 0.8080598154478886 0.3825945330922533 0.03210833703766442 0.014716321142262859
0 0.7281234346978698 0.37289513961212556 0.027425871219671723 0.014047397453978181
0 0.8448506183035456 0.380253300183257 0.013378473765693545 0.018060939583686243
0 0.8625770960430897 0.38828038444267304 0.015385244830547621 0.012709550077408864
0 0.8599014012899512 0.36821267379413286 0.015385244830547621 0.008696007947700802
0 0.7645797757093846 0.35349635265186996 0.020067710648540314 0.018060939583686285
0 0.9080639068464477 0.4006554726759395 0.023412329089963747 0.013378473765693497
0 0.9398377820399696 0.40165885820836655 0.02274340540167894 0.008696007947700802
0 0.9752907375190577 0.40132439636422423 0.02675694753138709 0.013378473765693455
0 0.7354815952690013 0.2732255100577088 0.01270955007740882 0.02073663433682495
0 0.7602317717355342 0.22539746634535449 0.015385244830547533 0.018729863271970962
0 0.8167558233955893 0.22439408081292744 0.020067710648540314 0.015385244830547578
0 0.8304687590054253 0.2845972127585483 0.020736634336824863 0.02073663433682495
0 0.8926786620159001 0.2411171730200444 0.01806093958368615 0.02341232908996366
0 0.8736143368997871 0.20198513725539083 0.016054168518832256 0.014716321142262878
0 0.8960232804573234 0.5769168645389516 0.02341232908996357 0.014047397453978181
0 0.7946813416821951 0.528754358982455 0.020067710648540314 0.024750176466533012
