0 0.5588768115942028 0.57518115942029 0.038043478260869575 0.07789855072463768
0 0.24547101449275363 0.5371376811594203 0.05615942028985507 0.07427536231884058
0 0.4076086956521739 0.5434782608695651 0.06521739130434782 0.05434782608695652
0 0.2934782608695652 0.447463768115942 0.04710144927536233 0.06521739130434782
0 0.2355072463768116 0.7672101449275361 0.06884057971014493 0.04166666666666666
0 0.2355072463768116 0.6902173913043477 0.06884057971014493 0.04710144927536233
0 0.18387681159420288 0.6385869565217392 0.05253623188405797 0.059782608695652176
0 0.37952898550724634 0.7182971014492753 0.06340579710144928 0.04528985507246377
0 0.671195652173913 0.6802536231884058 0.05615942028985507 0.06340579710144928
0 0.26811594202898553 0.0806159420289855 0.06884057971014493 0.04166666666666666
0 0.19746376811594202 0.04619565217391305 0.050724637681159424 0.07789855072463768
0 0.2817028985507246 0.18478260869565216 0.07427536231884058 0.036231884057971016
0 0.3759057971014493 0.1983695652173913 0.05253623188405797 0.06340579710144928
0 0.4565217391304348 0.2019927536231884 0.06159420289855074 0.04528985507246377
0 0.5289855072463768 0.1684782608695652 0.07608695652173915 0.039855072463768106
0 0.7490942028985508 0.6023550724637681 0.059782608695652176 0.07427536231884058
0 0.27717391304347827 0.6494565217391305 0.050724637681159424 0.04166666666666666
0 0.26358695652173914 0.6159420289855072 0.05253623188405797 0.043478260869565216
0 0.3351449275362318 0.5987318840579711 0.03260869565217391 0.0670289855072464
0 0.7318840579710144 0.12590579710144928 0.06159420289855074 0.07427536231884058
0 0.5833333333333335 0.13858695652173914 0.050724637681159424 0.04528985507246377
0 0.04710144927536233 0.23822463768115942 0.043478260869565216 0.06340579710144928
0 0.09963768115942032 0.19293478260869562 0.04710144927536233 0.07065217391304347
0 0.151268115942029 0.1793478260869565 0.0670289855072464 0.043478260869565216
0 0.1358695652173913 0.11231884057971016 0.043478260869565216 0.07608695652173915
0 0.2726449275362319 0.8432971014492753 0.059782608695652176 0.04166666666666666
0 0.057971014492753624 0.5471014492753623 0.07246376811594203 0.050724637681159424
0 0.0923913043478261 0.6259057971014492 0.06521739130434782 0.05615942028985507
