0 0.7391304347826088 0.5126811594202898 0.028985507246376812 0.03260869565217391
0 0.7795262262318738 0.5190643346321637 0.029246294202061627 0.03262086660999183
0 0.748592645825847 0.5533724874461208 0.028121436732751623 0.017997719508960976
0 0.764903079130843 0.5747447793630119 0.022497149386201298 0.01349828963172076
0 0.6979740597068941 0.5663083483431864 0.02587172179413141 0.014623147101030763
0 0.7204712090930956 0.5601216322619811 0.010123717223790647 0.02024743444758119
0 0.7064104907267196 0.5016290438578577 0.017997719508960976 0.02024743444758119
0 0.6861630562791387 0.5010666151232027 0.00899885975448054 0.021372291916891193
0 0.7086602056653397 0.4228890210061532 0.022497149386201298 0.031496009140681784
0 0.7092226343999948 0.39083058313081653 0.0236220068555113 0.0236220068555113
0 0.7412810722753317 0.3970172992120219 0.031496009140681736 0.017997719508960976
0 0.6749144815860381 0.38408143831495617 0.02024743444758119 0.021372291916891193
0 0.6586040482810421 0.3666461475406501 0.0236220068555113 0.01574800457034092
0 0.6338571839562206 0.4013878064010508 0.016872862039650872 0.02812143673275157
0 0.6107976058353644 0.3715790834643341 0.024746864324821406 0.01349828963172076
0 0.6411687575067362 0.35076922028209795 0.01349828963172076 0.021372291916891193
0 0.6625410494236273 0.3440200754662376 0.01349828963172076 0.0236220068555113
0 0.6912249148910338 0.35358136395537315 0.0236220068555113 0.022497149386201246
0 0.7193463516237855 0.351331649016753 0.019122576978271084 0.01799771950896103
0 0.7480302170911921 0.33220907203848193 0.022497149386201197 0.015748004570340868
0 0.7525296469684322 0.351894077751408 0.017997719508960976 0.016872862039650927
0 0.7744643676199785 0.35751836509795837 0.019122576978271084 0.021372291916891193
0 0.7615285067229128 0.38226522942277974 0.015748004570340868 0.019122576978271032
0 0.7890875147210094 0.3918265179119153 0.019122576978271084 0.02699657926344152
0 0.7727770814160135 0.4255722419912172 0.024746864324821406 0.022497149386201246
0 0.6782890539939682 0.6066742945501374 0.01349828963172076 0.024746864324821406
0 0.7013486321148243 0.6066742945501373 0.019122576978271084 0.02024743444758119
0 0.6962867735029292 0.6910386047483921 0.015748004570340975 0.022497149386201298
0 0.6726647666474179 0.28552748706211434 0.031496009140681736 0.021372291916891193
0 0.7165342079505104 0.26021819400263785 0.020247434447581085 0.029246294202061627
0 0.7317197837861962 0.2793407709809089 0.012373432162410653 0.02699657926344152
0 0.748592645825847 0.27315405489970357 0.012373432162410755 0.0236220068555113
0 0.6878503424831037 0.2394083308204017 0.02587172179413151 0.019122576978271084
0 0.6631034781582822 0.22253546878075073 0.0236220068555113 0.023622006855511322
0 0.656354333342422 0.17866602747765828 0.014623147101030864 0.0281214367327516
0 0.6889751999524139 0.19103945964006896 0.03262086660999183 0.014623147101030813
0 0.6833509126058636 0.1679798815192127 0.021372291916891193 0.017997719508961
0 0.7328446412555061 0.1949764607826542 0.010123717223790542 0.020247434447581137
0 0.7109099206039599 0.21466146649558035 0.015748004570340868 0.021372291916891193
0 0.6653531930969028 0.1314220137666357 0.01462314710103047 0.021372291916891144
0 0.8329569560241019 0.3760785133415744 0.021372291916891193 0.022497149386201298
0 0.870639681245989 0.34402007546623764 0.013498289631720862 0.019122576978271084
0 0.8824506846737447 0.29733849048987 0.02812143673275152 0.01574800457034092
0 0.8987611179787406 0.20341289180247968 0.029246294202061627 0.019122576978271084
0 0.9319444133233874 0.17810359874300324 0.021372291916891294 0.01799771950896103
0 0.5427437289421055 0.6083615807541025 0.04161972636447238 0.021372291916891193
0 0.25646750300269444 0.509936552189472 0.04499429877240255 0.022497149386201298
0 0.3172098063454378 0.5155608395360223 0.040494868895162274 0.013498289631720862
0 0.3588295327099102 0.5256845567598127 0.022497149386201246 0.022497149386201298
0 0.38526368323869664 0.5031874073736116 0.03487058154861195 0.02024743444758119
0 0.40101168780903756 0.404199950074326 0.030371151671371676 0.02924629420206168
0 0.48031413939539697 0.2945263468165948 0.02024743444758119 0.03487058154861195
0 0.5624287346550317 0.29115177440866463 0.04049486889516238 0.023622006855511354
0 0.24859350071752395 0.43738324541897283 0.040494868895162274 0.0236220068555113
0 0.3143976626721627 0.30971192265228065 0.02812143673275157 0.022497149386201298
0 0.28346408226613595 0.5779904290827307 0.01799771950896103 0.021372291916891193
0 0.41844697858334357 0.5403077038608437 0.02699657926344152 0.02699657926344152
0 0.4870632842112574 0.4193855259100118 0.024746864324821406 0.03937001142585221
0 0.44319384290816494 0.32208535481469136 0.031496009140681784 0.022497149386201197
0 0.531495154249005 0.4244473845219071 0.02587172179413151 0.033745724079301896
0 0.44263141417350993 0.47506597064086004 0.030371151671371676 0.013498289631720655
0 0.18728876864012556 0.6741657427087412 0.021372291916891193 0.029246294202061627
