0 0.552852 0.634069 0.126183 0.069401
0 0.464708 0.728171 0.085323 0.075843
0 0.345019 0.744762 0.082953 0.056882
0 0.662610 0.614407 0.087693 0.071102
0 0.662610 0.702100 0.116134 0.056882
0 0.762153 0.638108 0.078213 0.118504
0 0.852216 0.563451 0.116134 0.068732
0 0.750303 0.507754 0.082953 0.075843
0 0.667350 0.448502 0.097173 0.090063
0 0.576102 0.467462 0.090063 0.094803
0 0.578472 0.262451 0.113764 0.097173
0 0.685126 0.302742 0.080583 0.111394
0 0.791779 0.108659 0.109024 0.087166
0 0.854586 0.435466 0.225157 0.130354
0 0.840366 0.354884 0.182496 0.101913
0 0.858141 0.248230 0.151685 0.125614
0 0.296433 0.659439 0.090063 0.165905
0 0.405456 0.561080 0.175386 0.092433
0 0.391236 0.434281 0.142205 0.094803
0 0.516850 0.389250 0.104283 0.113764
0 0.433897 0.340663 0.080583 0.097173
0 0.445748 0.231640 0.094803 0.078213
0 0.502630 0.152242 0.080583 0.123244
0 0.265622 0.350144 0.066362 0.111394
0 0.330799 0.315777 0.059252 0.090063
0 0.168449 0.517234 0.146945 0.099543
0 0.209925 0.439021 0.097173 0.080583
0 0.048673 0.738836 0.097346 0.073472
0 0.051043 0.651143 0.102086 0.059252
0 0.160153 0.673659 0.078213 0.113764
0 0.233626 0.127356 0.073472 0.097173
0 0.327244 0.126171 0.071102 0.090063
0 0.164893 0.357254 0.101913 0.073472
0 0.062894 0.295632 0.125787 0.068732
0 0.021417 0.196088 0.042834 0.082953
0 0.062894 0.103655 0.125787 0.054512
0 0.130527 0.174758 0.118504 0.120874
0 0.027342 0.492348 0.054685 0.106654
0 0.000087 0.370289 0.000173 0.061622
0 0.021738 0.570858 0.043475 0.062324
0 0.164561 0.813920 0.103279 0.089034
0 0.284757 0.812140 0.097937 0.099718
0 0.376462 0.826385 0.110402 0.092595
0 0.860805 0.717764 0.138893 0.053420
0 0.981066 0.701738 0.033963 0.064104
0 0.834985 0.776526 0.112183 0.042736
0 0.875941 0.933226 0.129989 0.049859
0 0.802043 0.857547 0.106840 0.048078
0 0.477960 0.979882 0.085472 0.036330
0 0.596375 0.963497 0.112183 0.064104
0 0.744171 0.980772 0.101498 0.034550
0 0.938265 0.818372 0.087253 0.087253
0 0.540284 0.896722 0.074788 0.105060
0 0.653357 0.774746 0.115744 0.067666
0 0.630208 0.847753 0.044517 0.089034
0 0.686299 0.866450 0.046298 0.083692
0 0.152097 0.990566 0.085472 0.014962
0 0.291880 0.968307 0.112183 0.059479
0 0.027080 0.926103 0.054160 0.089034
0 0.109360 0.946939 0.117525 0.102215
0 0.760739 0.917662 0.047019 0.064342
