0 0.983704 0.738836 0.028685 0.073472
0 0.996740 0.651143 0.002614 0.059252
0 0.997925 0.295632 0.000244 0.068732
0 0.983704 0.196088 0.028685 0.082953
0 0.995555 0.103655 0.004984 0.054512
0 0.948153 0.492348 0.099787 0.106654
0 0.935118 0.370289 0.125858 0.061622
0 0.893519 0.268376 0.061622 0.123244
0 0.930256 0.143947 0.125614 0.092433
0 0.814122 0.205569 0.087693 0.087693
0 0.716949 0.231640 0.092433 0.111394
0 0.890337 0.740022 0.078350 0.087253
0 0.938416 0.632292 0.060543 0.085472
0 0.778155 0.386558 0.117525 0.071227
0 0.815549 0.299305 0.056982 0.085472
0 0.808426 0.479154 0.056982 0.096156
0 0.880544 0.547709 0.083692 0.087253
0 0.969122 0.570858 0.057851 0.062324
0 0.824452 0.645647 0.103279 0.076569
0 0.805755 0.782759 0.133551 0.076569
0 0.607210 0.741803 0.117525 0.087253
0 0.706038 0.576200 0.108621 0.137112
0 0.637482 0.463127 0.138893 0.060543
0 0.616114 0.543258 0.085472 0.067666
0 0.592074 0.378545 0.105060 0.097937
0 0.487015 0.333138 0.094376 0.081911
0 0.893008 0.961185 0.080130 0.073725
0 0.970012 0.926103 0.056070 0.089034
0 0.528860 0.840630 0.106840 0.078350
0 0.473660 0.788991 0.071227 0.110402
0 0.533312 0.649208 0.094376 0.101498
0 0.414007 0.619827 0.097937 0.092595
0 0.275114 0.667015 0.108621 0.065885
0 0.201216 0.715093 0.103279 0.090814
0 0.392639 0.554832 0.122867 0.115744
0 0.405994 0.466689 0.146015 0.089034
0 0.259088 0.544148 0.090814 0.101498
0 0.192313 0.488057 0.110402 0.113963
0 0.646385 0.879805 0.074788 0.085472
0 0.802194 0.922542 0.115744 0.049859
0 0.719393 0.887818 0.064104 0.094376
0 0.484344 0.966527 0.099718 0.063041
0 0.554680 0.987895 0.090814 0.020304
0 0.171835 0.986114 0.119305 0.023866
0 0.285798 0.985224 0.076569 0.025646
0 0.332986 0.837959 0.078350 0.108621
0 0.281347 0.910967 0.074788 0.101498
0 0.184300 0.913638 0.087253 0.081911
0 0.181629 0.780978 0.085472 0.069446
0 0.145125 0.334028 0.069446 0.101498
0 0.050731 0.304262 0.096513 0.064342
0 0.154668 0.205275 0.116310 0.074241
0 0.275928 0.174341 0.076715 0.086614
0 0.346456 0.216411 0.118785 0.081665
0 0.416985 0.283227 0.146006 0.131158
0 0.566703 0.173104 0.123734 0.079190
0 0.595162 0.281990 0.066817 0.108886
0 0.381102 0.144645 0.108886 0.071766
0 0.053206 0.806624 0.076715 0.098987
0 0.056918 0.956778 0.084139 0.082537
0 0.108886 0.866016 0.079190 0.059392
