0 0.914225 0.069447 0.092595 0.097937
0 0.477960 0.024485 0.085472 0.048969
0 0.744171 0.010239 0.101498 0.020479
0 0.152097 0.025375 0.085472 0.050750
0 0.072857 0.093486 0.083692 0.028491
0 0.177026 0.146907 0.121086 0.064104
0 0.169013 0.258199 0.140673 0.062324
0 0.550968 0.073899 0.064104 0.117525
0 0.602607 0.058763 0.071227 0.076569
0 0.670273 0.154920 0.099718 0.062324
0 0.754855 0.174507 0.083692 0.080130
0 0.867928 0.191423 0.067666 0.089034
0 0.457482 0.279567 0.073008 0.062324
0 0.314138 0.211011 0.067666 0.074788
0 0.291880 0.004007 0.112183 0.008014
0 0.307015 0.131771 0.064104 0.083692
0 0.415637 0.164713 0.067666 0.078350
0 0.013725 0.046298 0.027449 0.065885
0 0.109360 0.002226 0.117525 0.004453
0 0.603597 0.266593 0.079190 0.074241
0 0.684024 0.405175 0.116310 0.069291
0 0.528119 0.381666 0.091563 0.071766
0 0.585037 0.433634 0.091563 0.071766
0 0.808996 0.314849 0.084139 0.076715
0 0.832505 0.047583 0.061867 0.081665
0 0.667939 0.528910 0.108886 0.049494
0 0.481100 0.516536 0.131158 0.069291
0 0.666701 0.663780 0.111361 0.076715
0 0.512033 0.650169 0.113836 0.054443
0 0.807758 0.626660 0.091563 0.056918
0 0.789198 0.528910 0.084139 0.049494
0 0.858490 0.452194 0.094038 0.079190
0 0.921594 0.595726 0.076715 0.079190
0 0.963664 0.499213 0.051968 0.074241
0 0.581325 0.792464 0.103937 0.081665
0 0.680312 0.799888 0.094038 0.091563
0 0.800334 0.747919 0.106412 0.101462
0 0.874575 0.665017 0.066817 0.094038
0 0.372214 0.457144 0.096513 0.123734
0 0.399435 0.359394 0.101462 0.051968
0 0.129694 0.469517 0.086614 0.034646
0 0.185375 0.432397 0.089089 0.034646
0 0.269514 0.537571 0.103937 0.047019
0 0.336331 0.630372 0.098987 0.039595
0 0.255903 0.693476 0.106412 0.051968
0 0.150729 0.733071 0.054443 0.071766
0 0.458828 0.761530 0.096513 0.059392
0 0.411809 0.691002 0.116310 0.056918
0 0.009785 0.491789 0.019571 0.054443
0 0.059279 0.566030 0.118558 0.054443
0 0.009785 0.385378 0.019571 0.069291
0 0.078963 0.368055 0.113836 0.069291
0 0.185375 0.365580 0.123734 0.059392
0 0.014735 0.783802 0.029470 0.064342
0 0.508564 0.879776 0.138340 0.069170
0 0.887352 0.863307 0.105402 0.075758
0 0.123188 0.884717 0.138340 0.052701
