0 0.960218 0.046298 0.075657 0.065885
0 0.949990 0.125538 0.094376 0.056982
0 0.843150 0.100609 0.097937 0.078350
0 0.866298 0.217243 0.062324 0.097937
0 0.955332 0.219914 0.073008 0.096156
0 0.756787 0.233269 0.103279 0.062324
0 0.711380 0.163823 0.087253 0.094376
0 0.633920 0.238611 0.089034 0.076569
0 0.506602 0.276005 0.097937 0.051640
0 0.893008 0.002226 0.080130 0.004453
0 0.752335 0.070338 0.101498 0.067666
0 0.730077 0.030717 0.099718 0.061434
0 0.484344 0.006678 0.099718 0.013356
0 0.485234 0.107732 0.058762 0.106840
0 0.554680 0.038730 0.090814 0.077460
0 0.631249 0.067667 0.058762 0.108621
0 0.402433 0.213682 0.099718 0.105060
0 0.322302 0.165604 0.096156 0.108621
0 0.211010 0.267992 0.008903 0.003561
0 0.146906 0.234160 0.105060 0.064104
0 0.147796 0.180739 0.117525 0.071227
0 0.134441 0.105951 0.105060 0.078350
0 0.171835 0.016472 0.119305 0.032943
0 0.375722 0.065886 0.067666 0.090814
0 0.285798 0.028936 0.076569 0.057873
0 0.056918 0.008486 0.084139 0.016972
0 0.732507 0.431159 0.103937 0.071766
0 0.838919 0.398989 0.103937 0.096513
0 0.944467 0.491789 0.107160 0.054443
0 0.905735 0.536334 0.103937 0.049494
0 0.841393 0.616761 0.079190 0.086614
0 0.780764 0.682340 0.086614 0.098987
0 0.997673 0.566030 0.000748 0.054443
0 0.960552 0.385378 0.074989 0.069291
0 0.665691 0.592014 0.128684 0.071766
0 0.452868 0.620473 0.123734 0.054443
0 0.287064 0.619236 0.118785 0.081665
0 0.233858 0.691002 0.051968 0.086614
0 0.967977 0.783802 0.060141 0.064342
0 0.828393 0.944005 0.108696 0.065876
0 0.637352 0.888011 0.102108 0.059289
0 0.329381 0.914361 0.105402 0.072464
0 0.214097 0.897892 0.072464 0.079051
0 0.602767 0.972673 0.072464 0.050748
0 0.419960 0.957851 0.102108 0.080392
0 0.393610 0.759552 0.102108 0.105402
