0 0.116084 0.998040 0.024747 0.000014
0 0.250954 0.980717 0.032171 0.034660
0 0.278176 0.981954 0.022272 0.032185
0 0.380875 0.990616 0.024747 0.014862
0 0.349941 0.994328 0.027222 0.007438
0 0.074014 0.391148 0.029696 0.029696
0 0.012260 0.363927 0.024520 0.039595
0 0.038131 0.214208 0.042070 0.032171
0 0.086387 0.238955 0.029696 0.056918
0 0.180425 0.392386 0.044544 0.027222
0 0.138356 0.417133 0.039595 0.032171
0 0.098761 0.459202 0.039595 0.037120
0 0.192799 0.501272 0.034646 0.032171
0 0.074014 0.528493 0.029696 0.042070
0 0.335093 0.427031 0.042070 0.032171
0 0.229919 0.480237 0.039595 0.039595
0 0.540492 0.360215 0.047019 0.042070
0 0.451404 0.259990 0.032171 0.064342
0 0.332619 0.272363 0.027222 0.049494
0 0.439030 0.530968 0.032171 0.047019
0 0.311584 0.534680 0.029696 0.049494
0 0.205172 0.561902 0.034646 0.024747
