0 0.210122 0.015355 0.054443 0.029696
0 0.116084 0.016339 0.024747 0.032678
0 0.062878 0.104444 0.032171 0.024747
0 0.121033 0.106919 0.034646 0.024747
0 0.211359 0.110631 0.047019 0.022272
0 0.358603 0.103207 0.044544 0.027222
0 0.353653 0.238077 0.044544 0.039595
0 0.325195 0.408831 0.032171 0.034646
0 0.445217 0.387796 0.029696 0.032171
0 0.250954 0.001491 0.032171 0.002982
0 0.278176 0.005203 0.022272 0.010406
0 0.264565 0.093308 0.024747 0.032171
0 0.380875 0.007678 0.024747 0.015355
0 0.349941 0.010152 0.027222 0.020305
0 0.312821 0.032678 0.027222 0.039595
0 0.458828 0.328403 0.032171 0.037120
0 0.519457 0.349438 0.039595 0.024747
0 0.560290 0.335827 0.032171 0.032171
0 0.443980 0.161362 0.032171 0.039595
0 0.429131 0.270248 0.032171 0.039595
0 0.377163 0.391508 0.017323 0.034646
0 0.348704 0.397695 0.029696 0.042070
0 0.332619 0.474410 0.022272 0.047019
0 0.165577 0.438527 0.029696 0.019797
0 0.208884 0.442239 0.037120 0.032171
0 0.072777 0.432340 0.032171 0.051968
0 0.070302 0.288808 0.037120 0.037120
0 0.074014 0.163837 0.029696 0.024747
0 0.017096 0.125479 0.029696 0.032171
0 0.463777 0.053713 0.037120 0.047019
0 0.585037 0.062375 0.032171 0.039595
0 0.536780 0.075985 0.034646 0.027222
0 0.290549 0.360574 0.032171 0.037120
0 0.341280 0.332115 0.044544 0.024747
