0 0.751067 0.990616 0.042070 0.014862
0 0.817884 0.975768 0.047019 0.044559
0 0.746118 0.889146 0.066817 0.049494
0 0.624858 0.927504 0.042070 0.051968
0 0.588975 0.874298 0.049494 0.044544
0 0.529583 0.826042 0.034646 0.056918
0 0.535770 0.995565 0.022272 0.004964
0 0.442969 0.887909 0.024747 0.047019
0 0.391000 0.948539 0.049494 0.029696
0 0.303149 0.995565 0.017323 0.004964
0 0.340269 0.875536 0.032171 0.037120
0 0.391000 0.854501 0.029696 0.039595
0 0.306861 0.903995 0.029696 0.039595
0 0.956466 0.957200 0.047019 0.032171
0 0.880988 0.567437 0.049494 0.039595
0 0.824071 0.494434 0.029696 0.047019
0 0.728795 0.490722 0.051968 0.044544
0 0.712710 0.535266 0.054443 0.049494
0 0.676827 0.574861 0.032171 0.054443
0 0.794374 0.555064 0.054443 0.039595
0 0.799324 0.605795 0.044544 0.032171
0 0.503599 0.442466 0.047019 0.047019
0 0.603261 0.579710 0.039855 0.036232
0 0.628623 0.547101 0.039855 0.043478
0 0.625000 0.503623 0.032609 0.043478
0 0.605072 0.467391 0.028986 0.028986
0 0.644928 0.358696 0.028986 0.043478
0 0.750000 0.431159 0.072464 0.036232
0 0.882246 0.380435 0.061594 0.079710
0 0.775362 0.324275 0.043478 0.039855
0 0.706522 0.288043 0.057971 0.047101
0 0.594203 0.311594 0.043478 0.043478
0 0.606884 0.250000 0.047101 0.043478
0 0.634058 0.293478 0.043478 0.043478
0 0.534420 0.371377 0.068841 0.047101
0 0.442029 0.351449 0.057971 0.043478
0 0.740942 0.384058 0.068841 0.050725
0 0.682971 0.382246 0.032609 0.039855
0 0.851449 0.271739 0.086957 0.065217
0 0.471014 0.509058 0.072464 0.054348
0 0.407609 0.550725 0.025362 0.036232
0 0.507246 0.550725 0.028986 0.057971
0 0.559783 0.541667 0.039855 0.054348
0 0.434783 0.565217 0.050725 0.036232
0 0.317029 0.545290 0.054348 0.061594
0 0.351449 0.474638 0.028986 0.036232
0 0.365942 0.393116 0.043478 0.054348
0 0.360507 0.324275 0.054348 0.032609
0 0.503623 0.288043 0.036232 0.061594
0 0.451087 0.275362 0.025362 0.036232
0 0.317029 0.295290 0.025362 0.032609
0 0.311594 0.257246 0.021739 0.028986
0 0.956466 0.389911 0.022272 0.042070
0 0.985299 0.272363 0.025495 0.029696
0 0.956466 0.227819 0.017323 0.034646
