0 0.751067 0.013864 0.042070 0.027729
0 0.817884 0.006440 0.047019 0.012881
0 0.887175 0.022780 0.032171 0.039595
0 0.867378 0.090833 0.042070 0.042070
0 0.683013 0.093308 0.049494 0.027222
0 0.704048 0.141564 0.051968 0.039595
0 0.565466 0.082172 0.037120 0.049494
0 0.514735 0.099495 0.044544 0.034646
0 0.535770 0.018814 0.022272 0.037628
0 0.423171 0.072273 0.044544 0.039595
0 0.491225 0.064849 0.037120 0.029696
0 0.366254 0.062375 0.039595 0.039595
0 0.378627 0.026492 0.029696 0.047019
0 0.329133 0.028966 0.024747 0.037120
0 0.305624 0.093308 0.017323 0.056918
0 0.405849 0.153938 0.039595 0.024747
0 0.325421 0.134140 0.037120 0.029696
0 0.303149 0.015102 0.017323 0.030204
0 0.967602 0.109394 0.024747 0.054443
0 0.963890 0.366761 0.037120 0.024747
0 0.967602 0.333353 0.039595 0.027222
0 0.966365 0.304894 0.047019 0.029696
0 0.819121 0.497919 0.044544 0.029696
0 0.817884 0.445951 0.056918 0.039595
0 0.841393 0.391508 0.039595 0.044544
0 0.793137 0.396457 0.037120 0.034646
0 0.723846 0.494207 0.037120 0.042070
0 0.569178 0.389033 0.049494 0.044544
0 0.513497 0.442239 0.056918 0.032171
0 0.404611 0.369236 0.037120 0.039595
0 0.356355 0.432340 0.029696 0.037120
0 0.305624 0.339539 0.051968 0.039595
0 0.643418 0.480597 0.039595 0.034646
0 0.666928 0.396457 0.032171 0.034646
0 0.710235 0.390270 0.034646 0.032171
0 0.715184 0.448426 0.024747 0.024747
