0 0.045045 0.350126 0.090089 0.085898
0 0.013344 0.278544 0.026688 0.098169
0 0.064524 0.271386 0.116576 0.055220
0 0.015389 0.162991 0.030778 0.112486
0 0.276202 0.275476 0.065446 0.087943
0 0.104406 0.085273 0.081808 0.092034
0 0.365168 0.095499 0.063401 0.087943
0 0.095202 0.192646 0.067491 0.102260
0 0.260863 0.092431 0.063401 0.098169
0 0.187236 0.312290 0.096124 0.092034
0 0.011299 0.046414 0.022598 0.079763
0 0.038343 0.508216 0.076686 0.086202
0 0.093588 0.434690 0.098034 0.067610
0 0.294727 0.013671 0.091273 0.027341
0 0.404593 0.176928 0.084512 0.045637
0 0.255006 0.345107 0.065920 0.037185
0 0.255006 0.435535 0.089583 0.065920
0 0.177255 0.471876 0.028734 0.101415
0 0.114716 0.516667 0.069300 0.082822
0 0.230498 0.553007 0.091273 0.040566
0 0.383465 0.394124 0.099724 0.081132
0 0.369943 0.308767 0.072680 0.076061
0 0.427411 0.250454 0.096344 0.077751
0 0.374168 0.536950 0.084512 0.065920
0 0.304023 0.488778 0.065920 0.074371
0 0.486570 0.446522 0.069300 0.084512
0 0.181481 0.100022 0.064229 0.084512
0 0.200918 0.226790 0.059159 0.070990
0 0.181481 0.176083 0.084512 0.047327
0 0.146831 0.231861 0.045637 0.054088
0 0.370788 0.450748 0.091273 0.035495
0 0.531361 0.528499 0.114937 0.052398
0 0.584604 0.437226 0.103105 0.059159
0 0.516994 0.374687 0.052398 0.076061
0 0.499247 0.215804 0.111556 0.045637
0 0.487415 0.138897 0.084512 0.098034
0 0.451920 0.022122 0.098034 0.044244
0 0.450229 0.000994 0.054088 0.001988
0 0.608267 0.017896 0.096344 0.035793
0 0.562631 0.136362 0.052398 0.086202
0 0.640382 0.198901 0.116627 0.069300
0 0.612493 0.344262 0.091273 0.069300
0 0.506008 0.275807 0.094654 0.064229
0 0.761234 0.126221 0.067610 0.089583
0 0.801800 0.056921 0.070990 0.106485
0 0.875326 0.028883 0.123388 0.057766
0 0.733345 0.013671 0.076061 0.027341
0 0.702076 0.067062 0.077751 0.099724
0 0.892228 0.133827 0.092963 0.081132
0 0.958993 0.255524 0.074371 0.081132
0 0.815322 0.276652 0.064229 0.099724
0 0.845747 0.354404 0.098034 0.092963
0 0.904060 0.271582 0.065920 0.082822
0 0.936175 0.355249 0.079441 0.077751
0 0.933639 0.438071 0.081132 0.077751
0 0.897299 0.520048 0.072680 0.076061
0 0.835605 0.497229 0.074371 0.108176
0 0.762080 0.540330 0.072680 0.079441
0 0.757009 0.453283 0.079441 0.087893
0 0.683483 0.354404 0.060849 0.113246
0 0.750248 0.298626 0.055778 0.113246
0 0.036894 0.779583 0.059392 0.089089
0 0.002361 0.705343 0.004723 0.089089
0 0.234869 0.772159 0.118785 0.054443
0 0.224970 0.710292 0.128684 0.079190
0 0.113609 0.720191 0.074241 0.079190
0 0.581325 0.759786 0.059392 0.098987
0 0.482337 0.663273 0.079190 0.059392
0 0.698872 0.774634 0.061867 0.069291
0 0.615970 0.668223 0.059392 0.084139
0 0.180425 0.622441 0.069291 0.096513
0 0.314058 0.623678 0.098987 0.064342
0 0.403147 0.704106 0.084139 0.071766
0 0.684024 0.622441 0.091563 0.071766
