0 0.702525 0.397165 0.079763 0.061356
0 0.620717 0.378759 0.063401 0.073627
0 0.765926 0.470792 0.087943 0.110441
0 0.756722 0.580210 0.089989 0.071582
0 0.848756 0.466702 0.118621 0.077717
0 0.928519 0.396143 0.073627 0.120667
0 0.836485 0.375691 0.065446 0.083853
0 0.752632 0.352171 0.077717 0.061356
0 0.838530 0.291838 0.073627 0.083853
0 0.761835 0.278544 0.055220 0.065446
0 0.996006 0.350126 0.004082 0.085898
0 0.974531 0.278544 0.047031 0.098169
0 0.888637 0.231505 0.075672 0.089989
0 0.779219 0.212075 0.118621 0.063401
0 0.973509 0.162991 0.049076 0.112486
0 0.900909 0.149697 0.063401 0.094079
0 0.961238 0.046414 0.073619 0.079763
0 0.894773 0.033944 0.055220 0.067889
0 0.833417 0.130267 0.092034 0.067491
0 0.792513 0.065844 0.047039 0.089989
0 0.723999 0.143561 0.089989 0.069537
0 0.726044 0.079138 0.073627 0.083853
0 0.748542 0.021673 0.057265 0.043347
0 0.665711 0.005312 0.112486 0.010623
0 0.650372 0.071979 0.089989 0.069537
0 0.614581 0.125154 0.083853 0.069537
0 0.569587 0.192646 0.120667 0.081808
0 0.634011 0.273431 0.081808 0.092034
0 0.673892 0.195714 0.059311 0.059311
0 0.505163 0.276499 0.102260 0.061356
0 0.475508 0.349103 0.120667 0.079763
0 0.471418 0.400233 0.104305 0.071582
0 0.463237 0.450340 0.075672 0.065446
0 0.377339 0.501470 0.112486 0.057265
0 0.362000 0.433979 0.094079 0.061356
0 0.384497 0.373646 0.110441 0.071582
0 0.285305 0.427843 0.047039 0.110441
0 0.175887 0.547487 0.098169 0.079763
0 0.315983 0.602708 0.104305 0.063401
0 0.292463 0.685538 0.106350 0.069537
0 0.128847 0.730532 0.073627 0.089989
0 0.071582 0.605775 0.102260 0.089989
0 0.129870 0.462612 0.114388 0.068773
0 0.180856 0.357784 0.037185 0.065920
0 0.063384 0.353558 0.103105 0.064229
0 0.245085 0.323134 0.118317 0.057468
0 0.229028 0.395815 0.092963 0.064229
0 0.209590 0.243693 0.077751 0.060849
0 0.092118 0.258060 0.096344 0.059159
0 0.152122 0.304541 0.070990 0.047327
0 0.289877 0.248763 0.116627 0.074371
0 0.376079 0.186224 0.076061 0.064229
0 0.562006 0.049166 0.065920 0.098332
0 0.493551 0.092416 0.047327 0.096344
0 0.438618 0.116924 0.032115 0.108176
0 0.402278 0.089880 0.054088 0.094654
0 0.312695 0.128756 0.050707 0.084512
0 0.233254 0.133827 0.074371 0.084512
0 0.060004 0.152419 0.065920 0.077751
0 0.032115 0.193830 0.060849 0.076061
0 0.294102 0.011135 0.114937 0.022271
0 0.147896 0.017051 0.099724 0.034102
0 0.141135 0.126221 0.076061 0.072680
0 0.217196 0.034102 0.059159 0.060849
0 0.127613 0.061146 0.123388 0.057468
0 0.049017 0.023812 0.074371 0.047624
0 0.305934 0.052695 0.084512 0.047327
0 0.362557 0.029728 0.049017 0.059456
0 0.031270 0.451593 0.062539 0.094654
0 0.648209 0.476946 0.062539 0.081132
0 0.562851 0.456663 0.060849 0.077751
0 0.996800 0.508216 0.002493 0.086202
0 0.537007 0.592745 0.069291 0.047019
0 0.476377 0.598931 0.071766 0.064342
0 0.535770 0.716479 0.066817 0.086614
0 0.889650 0.757311 0.081665 0.094038
0 0.847580 0.612542 0.051968 0.121260
0 0.972926 0.705343 0.050242 0.089089
0 0.386051 0.769685 0.113836 0.074241
0 0.697862 0.741226 0.059392 0.091563
0 0.648368 0.804330 0.064342 0.089089
0 0.777052 0.758549 0.098987 0.076715
0 0.768390 0.697919 0.042070 0.089089
