0 0.894773 0.987974 0.055220 0.020147
0 0.748542 0.976725 0.057265 0.042644
0 0.665711 0.957296 0.112486 0.081502
0 0.562006 0.993256 0.065920 0.009581
0 0.294102 0.969593 0.114937 0.056908
0 0.408194 0.899728 0.103105 0.109866
0 0.491016 0.914940 0.072680 0.140290
0 0.570457 0.867613 0.076061 0.096344
0 0.646518 0.804229 0.113246 0.077751
0 0.581444 0.741690 0.104795 0.098034
0 0.467353 0.713801 0.096344 0.079441
0 0.384531 0.732394 0.099724 0.109866
0 0.283116 0.846485 0.106485 0.121698
0 0.195223 0.890432 0.103105 0.067610
0 0.319456 0.767889 0.087893 0.076061
0 0.247621 0.725633 0.069300 0.089583
0 0.158038 0.761128 0.076061 0.113246
0 0.050707 0.756057 0.074371 0.113246
0 0.087048 0.701969 0.082822 0.062539
0 0.087893 0.912405 0.070990 0.091273
0 0.147896 0.987340 0.099724 0.021413
0 0.196068 0.942829 0.121698 0.067610
0 0.049017 0.978889 0.074371 0.038315
0 0.018593 0.903108 0.033805 0.079441
0 0.362557 0.989031 0.049017 0.018032
0 0.926254 0.956351 0.111556 0.070990
0 0.829910 0.925927 0.077751 0.104795
0 0.753004 0.724788 0.103105 0.081132
0 0.897520 0.728168 0.091273 0.084512
0 0.840896 0.696054 0.096344 0.050707
0 0.959615 0.768734 0.076864 0.101415
0 0.934705 0.906489 0.114937 0.069300
0 0.952009 0.850711 0.092076 0.099724
0 0.729129 0.638376 0.086837 0.071865
0 0.712660 0.554533 0.089831 0.095820
0 0.886334 0.553036 0.125764 0.056893
0 0.923763 0.635381 0.080848 0.059887
0 0.969140 0.603941 0.057815 0.092825
0 0.633309 0.482669 0.068871 0.083842
0 0.562942 0.529081 0.083842 0.086837
0 0.583902 0.608432 0.119775 0.065876
0 0.450653 0.603941 0.092825 0.068871
0 0.988603 0.448233 0.018888 0.050904
0 0.845910 0.497640 0.110792 0.053899
0 0.913283 0.364391 0.059887 0.110792
0 0.964187 0.316481 0.065876 0.092825
0 0.290454 0.587472 0.107797 0.077854
0 0.297940 0.518601 0.050904 0.089831
0 0.110792 0.568008 0.083842 0.068871
0 0.143730 0.620410 0.089831 0.053899
0 0.760570 0.440747 0.071865 0.065876
0 0.806983 0.416792 0.062882 0.077854
0 0.851898 0.395832 0.068871 0.089831
0 0.532998 0.274560 0.071865 0.104803
0 0.583902 0.409307 0.071865 0.080848
0 0.643790 0.255096 0.053899 0.113786
0 0.715655 0.304504 0.095820 0.086837
0 0.765062 0.174248 0.098814 0.083842
0 0.860882 0.307498 0.074859 0.068871
0 0.935741 0.199701 0.080848 0.092825
0 0.136244 0.419787 0.110792 0.077854
0 0.215595 0.473685 0.083842 0.071865
0 0.434184 0.368882 0.107797 0.065876
0 0.344353 0.383854 0.047910 0.083842
0 0.420709 0.494646 0.062882 0.119775
0 0.488082 0.499138 0.071865 0.116780
0 0.275482 0.316481 0.077854 0.098814
0 0.399748 0.310492 0.122769 0.074859
0 0.482094 0.157779 0.065876 0.104803
0 0.256019 0.172751 0.050904 0.098814
0 0.062882 0.337442 0.089831 0.086837
0 0.842915 0.157779 0.074859 0.110792
0 0.648281 0.132327 0.104803 0.089831
0 0.398251 0.222158 0.107797 0.065876
0 0.323392 0.156282 0.059887 0.083842
0 0.106300 0.225153 0.068871 0.095820
0 0.196131 0.219164 0.056893 0.101809
