0 0.071682 0.920635 0.065446 0.106350
0 0.162694 0.936996 0.079763 0.089989
0 0.007918 0.768734 0.015837 0.101415
0 0.076686 0.765354 0.111556 0.067610
0 0.145986 0.696054 0.125078 0.047327
0 0.064854 0.829583 0.091273 0.050707
0 0.020595 0.850711 0.041190 0.099724
0 0.271064 0.827047 0.087893 0.092963
0 0.294727 0.991566 0.091273 0.012962
0 0.332757 0.952971 0.130149 0.070990
0 0.352195 0.878600 0.121698 0.070990
0 0.242329 0.920856 0.074371 0.033805
0 0.227962 0.878600 0.089583 0.043946
0 0.413044 0.735774 0.098034 0.076061
0 0.451920 0.988186 0.098034 0.019723
0 0.450229 0.956071 0.054088 0.083952
0 0.498401 0.865923 0.099724 0.082822
0 0.604042 0.923391 0.128459 0.042256
0 0.608267 0.978889 0.096344 0.038315
0 0.511078 0.946210 0.074371 0.064229
0 0.875326 0.993256 0.123388 0.009581
0 0.828844 0.930152 0.098034 0.069300
0 0.763770 0.752677 0.062539 0.120007
0 0.865184 0.738310 0.065920 0.108176
0 0.689399 0.842260 0.065920 0.082822
0 0.766305 0.861697 0.098034 0.064229
0 0.746867 0.906489 0.126768 0.065920
0 0.733345 0.975509 0.076061 0.045076
0 0.596436 0.800849 0.076061 0.081132
0 0.931104 0.871839 0.116627 0.084512
0 0.342975 0.650353 0.074859 0.089831
0 0.408851 0.562019 0.086837 0.098814
0 0.238172 0.536567 0.086837 0.095820
0 0.146844 0.518601 0.071865 0.113786
0 0.148341 0.620410 0.116780 0.065876
0 0.372919 0.427273 0.098814 0.074859
0 0.381902 0.335944 0.098814 0.083842
0 0.464247 0.379363 0.107797 0.098814
0 0.510660 0.485663 0.080848 0.083842
0 0.606480 0.374871 0.128758 0.089831
0 0.727752 0.403318 0.137741 0.128758
0 0.877470 0.356905 0.119775 0.113786
0 0.855013 0.481171 0.098814 0.110792
0 0.616960 0.600946 0.101809 0.086837
0 0.058510 0.585974 0.080848 0.092825
0 0.021020 0.603941 0.042041 0.092825
0 0.211223 0.343430 0.104803 0.074859
0 0.269613 0.273063 0.101809 0.065876
0 0.399868 0.216170 0.098814 0.083842
0 0.471733 0.235633 0.098814 0.086837
0 0.661876 0.208684 0.119775 0.068871
0 0.694814 0.288034 0.101809 0.059887
0 0.569050 0.301509 0.077854 0.080848
0 0.787639 0.169757 0.059887 0.104803
0 0.929872 0.208684 0.110792 0.068871
0 0.660378 0.693772 0.092825 0.074859
0 0.028506 0.448233 0.057013 0.050904
0 0.071985 0.394335 0.101809 0.056893
0 0.098934 0.267074 0.083842 0.071865
0 0.098934 0.343430 0.083842 0.044916
0 0.600491 0.508121 0.086837 0.062882
0 0.619954 0.475183 0.083842 0.074859
0 0.787639 0.624901 0.065876 0.062882
0 0.717272 0.594957 0.056893 0.086837
0 0.720266 0.491652 0.074859 0.059887
0 0.768176 0.529081 0.098814 0.086837
0 0.533118 0.689280 0.089831 0.071865
0 0.913403 0.681794 0.089831 0.068871
0 0.241167 0.190717 0.128758 0.080848
0 0.055516 0.199701 0.110792 0.092825
0 0.584022 0.139813 0.107797 0.074859
0 0.694814 0.123344 0.125764 0.083842
