0 0.028986 0.023551 0.057971 0.047101
0 0.094203 0.023551 0.043478 0.047101
0 0.092391 0.894928 0.097826 0.065217
0 0.206522 0.907609 0.094203 0.047101
0 0.255435 0.945652 0.068841 0.057971
0 0.230072 0.778986 0.112319 0.043478
0 0.351449 0.918478 0.079710 0.047101
0 0.018116 0.759058 0.036232 0.054348
0 0.010870 0.867754 0.021739 0.061594
0 0.083333 0.692029 0.086957 0.043478
0 0.000000 0.692029 0.000000 0.072464
0 0.219203 0.572464 0.068841 0.036232
0 0.201087 0.699275 0.061594 0.057971
0 0.255435 0.519928 0.105072 0.047101
0 0.019928 0.615942 0.039855 0.036232
0 0.014493 0.536232 0.028986 0.057971
0 0.097826 0.594203 0.057971 0.050725
0 0.103261 0.528986 0.083333 0.057971
0 0.034420 0.463768 0.054348 0.057971
0 0.019928 0.380435 0.039855 0.065217
0 0.028986 0.110507 0.057971 0.083333
0 0.000000 0.170290 0.000000 0.072464
0 0.028986 0.221014 0.057971 0.086957
0 0.101449 0.201087 0.050725 0.076087
0 0.172101 0.132246 0.083333 0.047101
0 0.201087 0.079710 0.061594 0.079710
0 0.277174 0.148551 0.083333 0.057971
0 0.092391 0.358696 0.076087 0.086957
0 0.099638 0.447464 0.076087 0.076087
0 0.368952 0.040870 0.069741 0.081739
0 0.285712 0.079489 0.092238 0.058493
0 0.281213 0.022872 0.083239 0.045744
0 0.446567 0.007124 0.071991 0.014248
0 0.200223 0.281964 0.060742 0.053993
0 0.203597 0.382076 0.067491 0.069741
0 0.296961 0.431795 0.078740 0.061192
0 0.310459 0.370828 0.078740 0.051743
0 0.264340 0.269590 0.044994 0.078740
0 0.325082 0.238094 0.053993 0.074241
0 0.758152 0.392200 0.083239 0.040495
0 0.826769 0.184101 0.071991 0.047244
0 0.804271 0.257217 0.098987 0.053993
0 0.806521 0.306711 0.107986 0.031496
0 0.827893 0.349455 0.087739 0.040495
0 0.664789 0.409073 0.053993 0.074241
0 0.525307 0.423696 0.076490 0.058493
0 0.530931 0.371952 0.114735 0.035995
0 0.419570 0.377577 0.062992 0.069741
0 0.422945 0.308960 0.101237 0.076490
0 0.573676 0.312335 0.033746 0.074241
0 0.514058 0.316834 0.049494 0.069741
0 0.782899 0.002624 0.056243 0.005249
0 0.742404 0.118859 0.065242 0.065242
0 0.645666 0.269590 0.096738 0.060742
0 0.623169 0.195350 0.065242 0.060742
0 0.395948 0.222346 0.087739 0.069741
0 0.471314 0.133483 0.098987 0.044994
0 0.499435 0.221222 0.078740 0.085489
0 0.475813 0.045744 0.053993 0.049494
0 0.455566 0.083989 0.076490 0.040495
0 0.652416 0.040870 0.060742 0.081739
0 0.570301 0.150355 0.067491 0.047244
0 0.564677 0.091863 0.105737 0.056243
0 0.559052 0.023997 0.107986 0.047993
0 0.949378 0.137982 0.078740 0.067491
0 0.886386 0.041244 0.069741 0.076490
