0 0.317029 0.318841 0.083333 0.050725
0 0.478261 0.195652 0.057971 0.079710
0 0.503623 0.362319 0.094203 0.108696
0 0.407609 0.449275 0.119565 0.086957
0 0.597826 0.500000 0.079710 0.130435
0 0.331522 0.623188 0.054348 0.086957
0 0.527174 0.599638 0.068841 0.068841
0 0.539855 0.516304 0.043478 0.097826
0 0.398551 0.817029 0.086957 0.134058
0 0.297101 0.864130 0.094203 0.083333
0 0.646739 0.885870 0.126812 0.090580
0 0.454710 0.988154 0.097826 0.019786
0 0.916667 0.746377 0.123188 0.094203
0 0.621377 0.163406 0.097826 0.071739
0 0.670290 0.067029 0.065217 0.112319
0 0.835145 0.076087 0.097826 0.115942
0 0.949275 0.442029 0.086957 0.057971
0 0.721014 0.993589 0.050725 0.008916
0 0.789855 0.938406 0.072464 0.101449
0 0.871377 0.891304 0.090580 0.094203
0 0.905797 0.971850 0.057971 0.052395
0 0.958333 0.889493 0.068841 0.076087
0 0.991777 0.970038 0.012540 0.056018
0 0.991777 0.856884 0.012540 0.105072
0 0.802536 0.997212 0.097826 0.001670
