0 0.047101 0.585145 0.072464 0.076087
0 0.155797 0.436594 0.079710 0.054348
0 0.148551 0.568841 0.123188 0.115942
0 0.057971 0.034420 0.094203 0.068841
0 0.157609 0.157609 0.076087 0.047101
0 0.161232 0.099638 0.090580 0.068841
0 0.230072 0.052536 0.097826 0.105072
0 0.291667 0.230072 0.097826 0.068841
0 0.211957 0.288043 0.105072 0.083333
0 0.230072 0.385870 0.112319 0.068841
0 0.445652 0.278986 0.108696 0.144928
0 0.655797 0.139493 0.050725 0.105072
0 0.590580 0.175725 0.072464 0.061594
0 0.623188 0.235507 0.123188 0.086957
0 0.831522 0.036232 0.105072 0.057971
0 0.923913 0.063406 0.094203 0.105072
0 0.798913 0.097826 0.068841 0.086957
0 0.777174 0.164855 0.068841 0.061594
0 0.719203 0.233696 0.076087 0.083333
0 0.893116 0.152174 0.105072 0.072464
0 0.947464 0.242754 0.047101 0.086957
0 0.851449 0.233696 0.079710 0.068841
0 0.860507 0.298913 0.097826 0.068841
0 0.706522 0.344203 0.094203 0.072464
0 0.932971 0.382246 0.068841 0.068841
0 0.835145 0.347826 0.097826 0.065217
0 0.817029 0.394928 0.105072 0.057971
0 0.028986 0.970038 0.057971 0.056018
0 0.094203 0.986342 0.043478 0.023409
0 0.117754 0.947464 0.083333 0.076087
0 0.190217 0.956522 0.068841 0.079710
0 0.023551 0.856884 0.047101 0.105072
0 0.246377 0.887681 0.108696 0.086957
0 0.289855 0.807971 0.057971 0.086957
0 0.101449 0.838768 0.086957 0.097826
0 0.094203 0.748188 0.072464 0.090580
0 0.210145 0.688406 0.115942 0.065217
0 0.210145 0.778986 0.101449 0.072464
0 0.280797 0.574275 0.083333 0.076087
0 0.324275 0.483696 0.068841 0.068841
0 0.438406 0.411232 0.065217 0.061594
0 0.373188 0.659420 0.072464 0.130435
0 0.436594 0.603261 0.054348 0.076087
0 0.521739 0.407609 0.086957 0.047101
0 0.612319 0.387681 0.072464 0.043478
0 0.518116 0.672101 0.101449 0.054348
0 0.523551 0.606884 0.083333 0.054348
0 0.474638 0.528986 0.072464 0.065217
0 0.487319 0.471014 0.076087 0.043478
0 0.581522 0.505435 0.083333 0.076087
0 0.625000 0.579710 0.068841 0.072464
0 0.668478 0.467391 0.061594 0.086957
0 0.782609 0.451087 0.086957 0.061594
0 0.902134 0.501313 0.078740 0.085489
0 0.745779 0.545182 0.071991 0.056243
0 0.346454 0.887139 0.074241 0.096738
0 0.440942 0.854518 0.083239 0.080990
0 0.533181 0.747657 0.096738 0.078740
0 0.368952 0.990399 0.069741 0.015295
0 0.281213 0.981400 0.083239 0.033293
0 0.446567 0.969027 0.071991 0.058040
0 0.737905 0.634046 0.056243 0.089989
0 0.661414 0.674541 0.065242 0.067491
0 0.563552 0.845519 0.058493 0.062992
0 0.767151 0.843269 0.047244 0.067491
0 0.851515 0.928759 0.085489 0.044994
0 0.782899 0.973526 0.056243 0.049041
0 0.838017 0.609299 0.049494 0.103487
0 0.681662 0.791526 0.051743 0.112486
0 0.751403 0.718410 0.078740 0.056243
0 0.652416 0.993774 0.060742 0.008546
0 0.690661 0.960028 0.092238 0.076037
0 0.559052 0.992649 0.107986 0.010796
0 0.910008 0.581178 0.058493 0.051743
0 0.947128 0.682415 0.074241 0.078740
0 0.836892 0.823022 0.083239 0.040495
0 0.879637 0.753281 0.056243 0.067491
0 0.966401 0.792651 0.063292 0.069741
0 0.967376 0.947881 0.060742 0.083239
