0 0.293478 0.117754 0.065217 0.083333
0 0.206522 0.128623 0.065217 0.068841
0 0.202899 0.213768 0.057971 0.065217
0 0.454710 0.023551 0.097826 0.047101
0 0.525362 0.097826 0.115942 0.065217
0 0.431159 0.224638 0.108696 0.079710
0 0.237319 0.429348 0.105072 0.097826
0 0.414855 0.909420 0.097826 0.065217
0 0.344203 0.847826 0.079710 0.065217
0 0.257246 0.780797 0.057971 0.097826
0 0.257246 0.677536 0.057971 0.101449
0 0.394928 0.731884 0.043478 0.079710
0 0.342391 0.751812 0.047101 0.090580
0 0.403986 0.615942 0.068841 0.086957
0 0.398551 0.514493 0.079710 0.086957
0 0.465580 0.474638 0.061594 0.057971
0 0.367754 0.409420 0.068841 0.086957
0 0.440217 0.344203 0.090580 0.072464
0 0.342391 0.309783 0.068841 0.112319
0 0.545290 0.346014 0.076087 0.047101
0 0.610507 0.193841 0.097826 0.112319
0 0.721014 0.039855 0.050725 0.079710
0 0.905797 0.014493 0.057971 0.028986
0 0.991777 0.023551 0.012540 0.047101
0 0.510870 0.586957 0.072464 0.072464
0 0.547101 0.503623 0.057971 0.101449
0 0.648551 0.394928 0.094203 0.115942
0 0.710145 0.230072 0.057971 0.105072
0 0.778986 0.177536 0.094203 0.079710
0 0.802536 0.052536 0.097826 0.105072
0 0.659420 0.862319 0.072464 0.079710
0 0.603261 0.804348 0.097826 0.072464
0 0.532609 0.762681 0.057971 0.068841
0 0.505435 0.688406 0.061594 0.072464
0 0.590580 0.726449 0.094203 0.083333
0 0.699275 0.690217 0.079710 0.083333
0 0.594203 0.648551 0.050725 0.079710
0 0.655797 0.601449 0.115942 0.079710
0 0.614130 0.512681 0.061594 0.061594
0 0.681159 0.509058 0.079710 0.090580
0 0.737319 0.344203 0.054348 0.050725
0 0.750000 0.469203 0.043478 0.076087
0 0.771739 0.786232 0.086957 0.057971
0 0.795290 0.728261 0.039855 0.065217
0 0.798913 0.666667 0.061594 0.050725
0 0.771739 0.538043 0.079710 0.032609
0 0.970038 0.759058 0.056018 0.054348
0 0.984531 0.867754 0.027032 0.061594
0 0.817029 0.913043 0.076087 0.036232
0 0.764493 0.862319 0.072464 0.043478
0 0.909420 0.898551 0.086957 0.036232
0 0.923913 0.846014 0.079710 0.054348
0 0.855072 0.818841 0.065217 0.036232
0 0.869565 0.777174 0.108696 0.047101
0 0.970038 0.692029 0.056018 0.072464
0 0.856884 0.655797 0.083333 0.050725
0 0.811594 0.253623 0.086957 0.043478
0 0.807971 0.313406 0.094203 0.047101
0 0.815217 0.364130 0.101449 0.047101
0 0.824275 0.420290 0.097826 0.050725
0 0.831522 0.469203 0.076087 0.032609
0 0.831522 0.523551 0.047101 0.061594
0 0.903986 0.588768 0.032609 0.061594
0 0.959168 0.615942 0.077757 0.036232
0 0.956522 0.567029 0.057971 0.032609
0 0.873188 0.152174 0.094203 0.065217
0 0.907609 0.268116 0.076087 0.050725
0 0.913043 0.331522 0.057971 0.047101
0 0.929348 0.427536 0.068841 0.057971
0 0.925725 0.496377 0.061594 0.065217
0 0.982719 0.536232 0.030656 0.057971
0 0.989965 0.380435 0.016163 0.065217
0 0.989965 0.110507 0.016163 0.083333
0 0.964603 0.170290 0.066887 0.072464
0 0.993589 0.221014 0.008916 0.086957
