0 0.624847 0.092709 0.034634 0.031170
0 0.638700 0.056920 0.030016 0.033479
0 0.684879 0.067888 0.039252 0.036943
0 0.702773 0.028059 0.026553 0.040406
0 0.555002 0.087514 0.024244 0.041561
0 0.534799 0.083473 0.025398 0.024244
0 0.503051 0.123879 0.026553 0.038097
0 0.511133 0.177561 0.042715 0.027707
0 0.503629 0.230667 0.020780 0.043869
0 0.529027 0.219122 0.020780 0.039252
0 0.550384 0.228358 0.026553 0.036943
0 0.547498 0.280886 0.032325 0.028861
0 0.503051 0.318405 0.026553 0.025398
0 0.511133 0.346690 0.026553 0.021935
0 0.552116 0.337454 0.032325 0.047333
0 0.581555 0.336300 0.035788 0.035788
0 0.598872 0.297625 0.040406 0.041561
0 0.630042 0.341495 0.033479 0.023089
0 0.646782 0.308015 0.036943 0.027707
0 0.650822 0.245674 0.026553 0.032325
0 0.688342 0.314942 0.027707 0.020780
0 0.697578 0.232398 0.023089 0.033479
0 0.681993 0.265878 0.040406 0.024244
0 0.718935 0.265300 0.026553 0.025398
0 0.721244 0.298202 0.024244 0.026553
0 0.677375 0.290121 0.040406 0.033479
0 0.729325 0.331682 0.019626 0.026553
0 0.501320 0.024595 0.032325 0.040406
0 0.546921 0.005082 0.024244 0.010165
0 0.578091 0.007969 0.021935 0.015937
0 0.614457 0.009123 0.018471 0.018246
0 0.671025 0.003928 0.027707 0.007856
0 0.654863 0.034986 0.027707 0.033479
0 0.671025 0.026327 0.020780 0.025398
0 0.646204 0.008546 0.026553 0.017092
0 0.701041 0.161399 0.025398 0.027707
0 0.515173 0.004505 0.023089 0.009010
0 0.747128 0.202597 0.024372 0.032257
0 0.728849 0.155286 0.020788 0.025089
0 0.760748 0.156720 0.027239 0.027956
0 0.772576 0.125538 0.029390 0.025806
0 0.729208 0.120162 0.022939 0.026523
0 0.736376 0.079661 0.030107 0.037275
0 0.753938 0.102241 0.019354 0.027956
0 0.776518 0.095073 0.024372 0.026523
0 0.768633 0.259943 0.025806 0.025089
0 0.794081 0.251341 0.022222 0.033691
0 0.755372 0.294351 0.012186 0.030824
0 0.768275 0.292917 0.019354 0.019354
0 0.766124 0.341303 0.010752 0.022939
0 0.783328 0.338794 0.016487 0.023655
0 0.764446 0.009488 0.033467 0.018977
0 0.750501 0.032921 0.027889 0.024170
0 0.803490 0.034780 0.014874 0.031608
0 0.800702 0.073825 0.016733 0.031608
0 0.768164 0.067318 0.026030 0.040904
0 0.770953 0.037569 0.024170 0.026030
