0 0.592391 0.284420 0.054348 0.025362
0 0.568516 0.227203 0.023089 0.034634
0 0.636052 0.207000 0.031170 0.042715
0 0.647020 0.268764 0.023089 0.036943
0 0.692621 0.276845 0.024244 0.030016
0 0.709360 0.234707 0.025398 0.028861
0 0.651638 0.377860 0.018471 0.031170
0 0.727832 0.388827 0.036943 0.032325
0 0.674149 0.395177 0.026553 0.033479
0 0.498672 0.385364 0.026553 0.023089
0 0.466924 0.394600 0.025398 0.020780
0 0.470387 0.287235 0.039252 0.020780
0 0.501558 0.318983 0.023089 0.021935
0 0.506176 0.234130 0.034634 0.018471
0 0.492322 0.211618 0.025398 0.019626
0 0.503867 0.178716 0.025398 0.018471
0 0.547736 0.156204 0.039252 0.019626
0 0.619890 0.107139 0.021935 0.023089
0 0.640093 0.122725 0.020780 0.019626
0 0.579484 0.017669 0.026553 0.024244
0 0.739376 0.014895 0.032325 0.029791
0 0.761311 0.060961 0.027707 0.034634
0 0.546582 0.096749 0.034634 0.025398
0 0.516566 0.101367 0.030016 0.020780
0 0.488859 0.122147 0.034634 0.025398
0 0.458843 0.140041 0.016162 0.033479
0 0.429981 0.146968 0.016162 0.024244
0 0.428827 0.211041 0.027707 0.034634
0 0.393039 0.201228 0.025398 0.038097
0 0.385535 0.163708 0.021935 0.027707
0 0.418437 0.163131 0.027707 0.019626
0 0.383226 0.114066 0.024244 0.023089
0 0.382648 0.078278 0.025398 0.016162
0 0.384957 0.055189 0.025398 0.016162
0 0.397656 0.026327 0.013854 0.018471
0 0.428250 0.039026 0.035788 0.016162
0 0.430559 0.065579 0.038097 0.025398
0 0.477891 0.028059 0.038097 0.026553
0 0.476160 0.058652 0.034634 0.018471
0 0.477314 0.091554 0.032325 0.024244
0 0.447298 0.097904 0.023089 0.030016
0 0.415551 0.007969 0.031170 0.015937
0 0.298950 0.001619 0.035788 0.003238
0 0.212943 0.186797 0.041561 0.034634
0 0.242382 0.037872 0.024244 0.039252
0 0.257967 0.005660 0.020780 0.011319
