0 0.689157 0.982171 0.028861 0.031752
0 0.739376 0.997756 0.032325 0.000581
0 0.537923 0.923003 0.038097 0.038097
0 0.589297 0.906841 0.030016 0.024244
0 0.633166 0.929930 0.032325 0.035788
0 0.672995 0.929353 0.028861 0.048487
0 0.703588 0.930507 0.025398 0.034634
0 0.711669 0.894719 0.039252 0.032325
0 0.732450 0.842768 0.036943 0.030016
0 0.660296 0.847386 0.047333 0.030016
0 0.597378 0.836996 0.027707 0.030016
0 0.580061 0.865280 0.041561 0.035788
0 0.499826 0.856044 0.033479 0.026553
0 0.474428 0.869321 0.019626 0.030016
0 0.492322 0.901068 0.027707 0.021935
0 0.422477 0.929930 0.031170 0.021935
0 0.457111 0.940320 0.042715 0.017317
0 0.442680 0.967450 0.039252 0.025398
0 0.415551 0.994870 0.031170 0.006353
0 0.446721 0.884329 0.024244 0.039252
0 0.446144 0.913767 0.043869 0.024244
0 0.407469 0.896450 0.026553 0.026553
0 0.397079 0.876247 0.024244 0.030016
0 0.369372 0.943206 0.056569 0.034634
0 0.345706 0.888947 0.039252 0.030016
0 0.245268 0.883751 0.048487 0.042715
0 0.227374 0.916076 0.045024 0.038097
0 0.298950 0.975244 0.035788 0.045605
0 0.257967 0.983326 0.020780 0.029443
