0 0.546921 0.984480 0.024244 0.027134
0 0.578091 0.986789 0.021935 0.022516
0 0.614457 0.990830 0.018471 0.014435
0 0.634083 0.971490 0.020780 0.033479
0 0.671025 0.986789 0.027707 0.022516
0 0.646204 0.989098 0.026553 0.017898
0 0.515173 0.987366 0.023089 0.021361
0 0.508824 0.965141 0.035788 0.032325
0 0.660635 0.917808 0.027707 0.032325
0 0.564238 0.918385 0.028861 0.031170
0 0.500165 0.919540 0.043869 0.021935
0 0.506515 0.891255 0.028861 0.041561
0 0.502474 0.851427 0.025398 0.028861
0 0.529027 0.877402 0.020780 0.030016
0 0.544612 0.903377 0.026553 0.038097
0 0.571164 0.880865 0.040406 0.023089
0 0.620806 0.897028 0.021935 0.039252
0 0.640432 0.886060 0.033479 0.038097
0 0.635814 0.852581 0.033479 0.024244
0 0.599449 0.853158 0.030016 0.023089
0 0.568293 0.823753 0.031608 0.044622
0 0.534826 0.816316 0.035326 0.033467
0 0.520882 0.840487 0.037185 0.040904
0 0.674271 0.875813 0.027889 0.037185
0 0.693794 0.852572 0.029748 0.046482
0 0.729120 0.858150 0.044622 0.031608
0 0.752361 0.833979 0.024170 0.035326
0 0.745853 0.914858 0.029748 0.033467
0 0.772813 0.922295 0.024170 0.040904
0 0.764446 0.996426 0.033467 0.003241
0 0.783968 0.732649 0.016733 0.029748
0 0.799772 0.750312 0.018593 0.024170
0 0.805350 0.715916 0.037185 0.029748
0 0.691934 0.756820 0.022311 0.026030
0 0.737486 0.695464 0.035326 0.026030
0 0.683568 0.541145 0.024170 0.037185
0 0.823013 0.529989 0.027889 0.037185
0 0.619423 0.749383 0.029748 0.022311
