0 0.929348 0.052536 0.090580 0.061594
0 0.692029 0.144928 0.079710 0.094203
0 0.501812 0.123188 0.076087 0.094203
0 0.425725 0.204710 0.068841 0.047101
0 0.313406 0.206522 0.047101 0.057971
0 0.407609 0.117754 0.061594 0.090580
0 0.351449 0.032609 0.057971 0.065217
0 0.275362 0.106884 0.057971 0.097826
0 0.570652 0.405797 0.083333 0.072464
0 0.052536 0.114130 0.068841 0.039855
0 0.106884 0.014493 0.097826 0.028986
0 0.021739 0.184783 0.043478 0.072464
0 0.018116 0.023551 0.036232 0.047101
0 0.047101 0.548913 0.094203 0.097826
0 0.589424 0.485015 0.065242 0.065242
0 0.524182 0.519886 0.060742 0.107986
