0 0.977284 0.184783 0.041525 0.072464
0 0.829710 0.130435 0.108696 0.094203
0 0.858696 0.050725 0.086957 0.057971
0 0.970038 0.023551 0.056018 0.047101
0 0.993589 0.548913 0.008916 0.097826
0 0.936594 0.503623 0.097826 0.043478
0 0.905797 0.423913 0.101449 0.094203
0 0.826087 0.364130 0.065217 0.068841
0 0.793478 0.474638 0.123188 0.108696
0 0.726449 0.603261 0.083333 0.112319
0 0.641304 0.594203 0.086957 0.108696
0 0.597826 0.449275 0.050725 0.094203
0 0.501812 0.309783 0.134058 0.141304
0 0.472826 0.028986 0.076087 0.057971
0 0.653986 0.085145 0.112319 0.097826
0 0.615942 0.190217 0.086957 0.090580
0 0.655797 0.329710 0.115942 0.130435
0 0.744565 0.288043 0.083333 0.126812
0 0.353261 0.052536 0.105072 0.105072
