0 0.986342 0.768116 0.023409 0.079710
0 0.896739 0.769928 0.105072 0.083333
0 0.970038 0.979096 0.056018 0.037902
0 0.931159 0.936594 0.108696 0.068841
0 0.986342 0.884058 0.023409 0.050725
0 0.746377 0.878623 0.072464 0.097826
0 0.838768 0.867754 0.112319 0.039855
0 0.420290 0.655797 0.057971 0.086957
0 0.795290 0.605072 0.119565 0.072464
0 0.955545 0.632246 0.085003 0.097826
0 0.977284 0.577899 0.041525 0.068841
0 0.472826 0.962792 0.076087 0.070511
0 0.411232 0.813406 0.155797 0.112319
0 0.527174 0.442029 0.083333 0.130435
0 0.644928 0.380435 0.086957 0.159420
0 0.788043 0.277174 0.184783 0.155797
0 0.353261 0.991777 0.105072 0.012540
0 0.123188 0.402174 0.072464 0.130435
0 0.248188 0.393116 0.083333 0.119565
0 0.265466 0.627874 0.098987 0.065242
