0 0.351449 0.982719 0.057971 0.030656
0 0.643116 0.880435 0.039855 0.072464
0 0.467391 0.943841 0.057971 0.068841
0 0.483696 0.813406 0.076087 0.083333
0 0.570652 0.878623 0.054348 0.076087
0 0.735507 0.797101 0.094203 0.065217
0 0.688406 0.715580 0.043478 0.061594
0 0.731884 0.672101 0.057971 0.054348
0 0.710145 0.599638 0.036232 0.047101
0 0.106884 0.979096 0.097826 0.037902
0 0.268116 0.889493 0.036232 0.090580
0 0.213768 0.869565 0.050725 0.057971
0 0.360507 0.836957 0.047101 0.065217
0 0.302536 0.766304 0.090580 0.054348
0 0.532609 0.713768 0.050725 0.086957
0 0.615942 0.730072 0.072464 0.039855
0 0.188406 0.713768 0.065217 0.086957
0 0.315217 0.626812 0.086957 0.028986
0 0.456522 0.679348 0.072464 0.061594
0 0.036232 0.768116 0.072464 0.079710
0 0.018116 0.979096 0.036232 0.037902
0 0.021739 0.884058 0.043478 0.050725
0 0.003623 0.632246 0.007246 0.097826
0 0.018116 0.577899 0.036232 0.068841
0 0.092391 0.652174 0.097826 0.050725
0 0.170290 0.576087 0.086957 0.072464
0 0.317029 0.552536 0.090580 0.061594
0 0.438406 0.594203 0.108696 0.057971
0 0.534420 0.570652 0.141304 0.112319
0 0.623188 0.543478 0.057971 0.072464
0 0.715580 0.527174 0.105072 0.054348
0 0.063406 0.389493 0.105072 0.097826
0 0.523551 0.288043 0.068841 0.112319
0 0.550725 0.391304 0.101449 0.079710
0 0.652174 0.268116 0.115942 0.108696
0 0.907609 0.362319 0.068841 0.094203
0 0.917882 0.637998 0.065242 0.058493
