0 0.704710 0.494565 0.061594 0.134058
0 0.701087 0.376812 0.105072 0.094203
0 0.800725 0.632246 0.137681 0.076087
0 0.793478 0.552536 0.072464 0.097826
0 0.304348 0.476449 0.065217 0.090580
0 0.210145 0.367754 0.115942 0.076087
0 0.070652 0.414855 0.054348 0.112319
0 0.134058 0.543478 0.043478 0.094203
0 0.289855 0.586957 0.094203 0.065217
0 0.405797 0.614130 0.043478 0.112319
0 0.375000 0.516304 0.083333 0.068841
0 0.454710 0.494565 0.039855 0.097826
0 0.460145 0.701087 0.050725 0.097826
0 0.576087 0.762681 0.137681 0.068841
0 0.536232 0.666667 0.108696 0.086957
0 0.217391 0.278986 0.079710 0.123188
0 0.106884 0.250000 0.105072 0.065217
0 0.094203 0.186594 0.079710 0.105072
0 0.019928 0.235507 0.039855 0.101449
0 0.021739 0.362319 0.043478 0.101449
0 0.009058 0.050725 0.018116 0.057971
0 0.195652 0.748188 0.079710 0.097826
0 0.371377 0.403986 0.083333 0.083333
0 0.193841 0.467391 0.105072 0.094203
0 0.476449 0.402174 0.112319 0.079710
0 0.597826 0.365942 0.072464 0.094203
0 0.621377 0.474638 0.054348 0.079710
0 0.001812 0.699275 0.003623 0.108696
0 0.048913 0.802536 0.097826 0.047101
0 0.137681 0.682971 0.065217 0.097826
0 0.355072 0.757246 0.108696 0.079710
0 0.393116 0.291667 0.105072 0.076087
0 0.699275 0.250000 0.072464 0.086957
0 0.773551 0.240942 0.083333 0.119565
0 0.184783 0.099638 0.115942 0.097826
