0 0.454710 0.192029 0.076087 0.094203
0 0.451087 0.088768 0.068841 0.076087
0 0.559783 0.096014 0.083333 0.076087
0 0.608696 0.213768 0.101449 0.094203
0 0.634058 0.355072 0.115942 0.115942
0 0.704710 0.186594 0.090580 0.097826
0 0.269928 0.257246 0.090580 0.108696
0 0.135870 0.177536 0.105072 0.079710
0 0.081522 0.347826 0.083333 0.094203
0 0.181159 0.391304 0.108696 0.072464
0 0.320652 0.376812 0.112319 0.094203
0 0.402174 0.800725 0.086957 0.130435
0 0.266304 0.822464 0.119565 0.094203
0 0.585145 0.827899 0.119565 0.097826
0 0.586957 0.704710 0.072464 0.097826
0 0.224638 0.503623 0.094203 0.101449
0 0.041667 0.541667 0.054348 0.112319
0 0.849638 0.824275 0.112319 0.068841
0 0.706522 0.724638 0.130435 0.079710
0 0.988154 0.235507 0.019786 0.101449
0 0.997212 0.362319 0.001670 0.101449
0 0.968226 0.050725 0.059641 0.057971
0 0.936594 0.144928 0.054348 0.101449
0 0.903986 0.269928 0.076087 0.083333
0 0.856884 0.454710 0.105072 0.068841
0 0.902174 0.532609 0.072464 0.094203
0 0.239130 0.610507 0.079710 0.068841
0 0.351449 0.713768 0.079710 0.101449
0 0.278986 0.710145 0.101449 0.079710
0 0.115942 0.494565 0.072464 0.105072
0 0.119565 0.605072 0.101449 0.079710
0 0.096014 0.059783 0.076087 0.119565
0 0.199275 0.077899 0.086957 0.090580
0 0.364130 0.018116 0.068841 0.036232
0 0.273551 0.097826 0.061594 0.123188
0 0.338768 0.074275 0.068841 0.083333
0 0.458333 0.268116 0.097826 0.057971
0 0.483696 0.333333 0.112319 0.079710
0 0.393116 0.646739 0.112319 0.061594
0 0.315217 0.527174 0.050725 0.126812
0 0.398551 0.576087 0.123188 0.079710
0 0.442029 0.452899 0.123188 0.057971
0 0.364130 0.282609 0.097826 0.072464
0 0.568841 0.452899 0.101449 0.065217
0 0.413043 0.375000 0.065217 0.097826
0 0.523551 0.398551 0.061594 0.108696
0 0.525362 0.568841 0.057971 0.094203
0 0.644928 0.563406 0.101449 0.076087
0 0.711957 0.543478 0.068841 0.115942
0 0.713768 0.445652 0.115942 0.086957
0 0.753623 0.621377 0.101449 0.112319
0 0.802536 0.246377 0.076087 0.072464
0 0.735507 0.067029 0.072464 0.083333
0 0.867754 0.086957 0.097826 0.072464
0 0.975473 0.699275 0.045148 0.108696
0 0.997212 0.802536 0.001670 0.047101
