0 0.701087 0.731884 0.076087 0.108696
0 0.501812 0.755435 0.112319 0.134058
0 0.338768 0.702899 0.076087 0.115942
0 0.219203 0.733696 0.112319 0.068841
0 0.150362 0.710145 0.097826 0.072464
0 0.856884 0.751812 0.097826 0.076087
0 0.964603 0.936594 0.066887 0.083333
0 0.096014 0.995400 0.076087 0.005293
0 0.182971 0.934783 0.054348 0.094203
0 0.364130 0.973661 0.068841 0.048772
0 0.286232 0.943841 0.086957 0.097826
0 0.715580 0.193841 0.090580 0.112319
0 0.519928 0.150362 0.068841 0.105072
0 0.418478 0.193841 0.068841 0.126812
0 0.282609 0.237319 0.152174 0.054348
