0 0.757266 0.969925 0.029386 0.031485
0 0.773009 0.924796 0.035683 0.031485
0 0.791375 0.879142 0.045129 0.026238
0 0.850673 0.839261 0.033584 0.028337
0 0.810267 0.931618 0.024139 0.036733
0 0.801346 0.965202 0.044079 0.032535
0 0.799247 0.988184 0.037782 0.019726
0 0.831781 0.978738 0.029386 0.038617
0 0.836504 0.937390 0.038832 0.029386
0 0.852247 0.908004 0.024139 0.037782
0 0.880059 0.898033 0.037782 0.036733
0 0.882683 0.981469 0.043030 0.029386
0 0.881108 0.942637 0.033584 0.035683
0 0.920990 0.938439 0.029386 0.039881
0 0.915742 0.891211 0.025188 0.029386
0 0.947227 0.984511 0.035683 0.027073
0 0.995315 0.959247 0.005463 0.041907
0 0.965281 0.927499 0.039367 0.031748
0 0.964646 0.892577 0.033018 0.020318
0 0.768446 0.589199 0.055876 0.059686
0 0.867498 0.568880 0.040637 0.021588
0 0.885277 0.537133 0.025398 0.034287
0 0.854164 0.531418 0.036827 0.025398
0 0.823052 0.554276 0.025398 0.048256
0 0.793844 0.519354 0.043177 0.026668
0 0.758739 0.523753 0.036827 0.026668
0 0.859879 0.496496 0.025398 0.026668
0 0.837656 0.473637 0.029208 0.026668
0 0.821147 0.497765 0.021588 0.031748
0 0.786859 0.483162 0.046987 0.030478
0 0.797019 0.465383 0.024128 0.025398
0 0.760826 0.440620 0.030478 0.024128
0 0.768446 0.408872 0.045717 0.019049
0 0.774160 0.380299 0.041907 0.025398
0 0.775430 0.333948 0.029208 0.034287
0 0.797654 0.363156 0.038097 0.026668
0 0.818607 0.372045 0.036827 0.031748
0 0.878293 0.386014 0.034287 0.039367
0 0.850355 0.361251 0.026668 0.027938
0 0.870038 0.293311 0.022858 0.041907
0 0.809243 0.337130 0.028337 0.029386
0 0.829709 0.327160 0.033584 0.036733
0 0.836006 0.294100 0.029386 0.033584
0 0.895828 0.286754 0.037782 0.025188
0 0.891630 0.324011 0.035683 0.024139
0 0.901075 0.335556 0.033584 0.019941
0 0.907897 0.362318 0.030436 0.029386
0 0.861719 0.329784 0.026238 0.035683
0 0.961947 0.299348 0.016792 0.029386
0 0.941481 0.301447 0.022040 0.025188
0 0.938858 0.317714 0.016792 0.019941
0 0.951452 0.337130 0.031485 0.020990
0 0.950927 0.351823 0.019941 0.025188
0 0.992591 0.298298 0.010912 0.031485
0 0.977165 0.294100 0.011545 0.031485
0 0.820263 0.446279 0.037782 0.037782
0 0.827085 0.424239 0.026238 0.020990
0 0.842303 0.439457 0.025188 0.024139
0 0.866966 0.437358 0.032535 0.030436
0 0.882709 0.469893 0.022040 0.032535
0 0.903699 0.478289 0.038832 0.017842
0 0.931511 0.474616 0.035683 0.029386
0 0.956174 0.455200 0.040931 0.036733
0 0.916293 0.429487 0.022040 0.025188
0 0.884283 0.615250 0.041980 0.023089
0 0.889531 0.635715 0.025188 0.022040
0 0.905273 0.592685 0.054574 0.011545
0 0.919966 0.569072 0.044079 0.018891
0 0.959848 0.559626 0.018891 0.046178
0 0.915768 0.504002 0.033584 0.014693
0 0.937808 0.497180 0.031485 0.013644
0 0.972967 0.499804 0.026238 0.027287
0 0.909471 0.388031 0.025188 0.019941
0 0.936759 0.385932 0.020990 0.032535
0 0.965095 0.388556 0.025188 0.031485
0 0.983986 0.377011 0.027287 0.037782
0 0.995739 0.362843 0.004615 0.028337
0 0.997314 0.339754 0.001466 0.034634
0 0.919158 0.523408 0.038164 0.015266
0 0.920112 0.645532 0.030531 0.022898
0 0.936809 0.631221 0.025761 0.028623
0 0.955891 0.621680 0.027669 0.032439
0 0.987225 0.415118 0.021643 0.029577
0 0.985794 0.632175 0.024505 0.022898
0 0.994858 0.651734 0.006377 0.020036
0 0.987703 0.595442 0.020689 0.021944
0 0.987703 0.578268 0.020689 0.025761
0 0.987703 0.542490 0.020689 0.032439
0 0.996766 0.537719 0.002561 0.040072
0 0.993957 0.484706 0.008180 0.023104
0 0.405321 0.324354 0.037185 0.035326
0 0.344841 0.312234 0.037275 0.040859
0 0.462042 0.354527 0.017921 0.033691
0 0.436953 0.328722 0.019354 0.029390
0 0.437670 0.358828 0.016487 0.026523
0 0.505769 0.371373 0.025089 0.027239
0 0.469928 0.324421 0.020788 0.025089
0 0.442330 0.283920 0.020071 0.027239
0 0.483906 0.297898 0.028673 0.033691
0 0.518672 0.312234 0.026523 0.026523
0 0.480322 0.384276 0.018638 0.021505
0 0.506127 0.398254 0.022939 0.019354
0 0.522256 0.420476 0.020788 0.022222
0 0.493583 0.441980 0.019354 0.026523
0 0.476021 0.432662 0.014337 0.030824
0 0.463476 0.407573 0.017921 0.029390
0 0.436237 0.402196 0.019354 0.028673
0 0.408280 0.389294 0.020788 0.034408
0 0.407922 0.443773 0.017204 0.037275
0 0.427993 0.465994 0.034408 0.022939
0 0.460609 0.458109 0.032257 0.028673
0 0.496450 0.477822 0.026523 0.030824
0 0.493941 0.507929 0.031540 0.026523
0 0.517955 0.531942 0.022222 0.030107
0 0.468852 0.539469 0.015770 0.029390
0 0.369213 0.567067 0.018638 0.034408
0 0.297889 0.582479 0.027956 0.033691
0 0.332655 0.606134 0.030107 0.026523
0 0.500393 0.598607 0.034408 0.028673
0 0.473870 0.568142 0.025806 0.023655
0 0.445197 0.572802 0.020071 0.028673
0 0.384267 0.548429 0.030107 0.022939
0 0.415449 0.514022 0.022222 0.025806
0 0.401112 0.485349 0.016487 0.025806
0 0.470872 0.601296 0.016292 0.032583
0 0.481298 0.640722 0.039751 0.025415
0 0.527892 0.651800 0.031280 0.031931
0 0.536364 0.679495 0.028673 0.028673
0 0.505410 0.673956 0.033235 0.024112
0 0.499871 0.693506 0.027370 0.022808
0 0.517140 0.712079 0.033235 0.026066
0 0.451648 0.675260 0.028673 0.034538
0 0.430469 0.634857 0.021505 0.028021
0 0.402773 0.618239 0.024763 0.032583
0 0.406683 0.671675 0.037796 0.016943
0 0.332719 0.708494 0.024112 0.041055
0 0.312192 0.658316 0.018247 0.033235
0 0.330764 0.659620 0.022808 0.038448
0 0.350640 0.635834 0.024763 0.044313
0 0.396908 0.644631 0.041706 0.020202
0 0.378661 0.662878 0.041706 0.025415
0 0.376381 0.702629 0.037145 0.026718
0 0.413525 0.707191 0.028021 0.033235
0 0.297204 0.712079 0.026066 0.031280
0 0.288406 0.672327 0.033235 0.031280
0 0.493651 0.995079 0.044945 0.005936
0 0.492468 0.973581 0.018924 0.032329
0 0.467236 0.960176 0.023655 0.029175
0 0.427022 0.968062 0.033117 0.019713
0 0.435301 0.993896 0.032329 0.008301
0 0.421897 0.940069 0.032329 0.034694
0 0.459351 0.925482 0.037849 0.024444
0 0.468813 0.888816 0.044157 0.029963
0 0.262223 0.869892 0.028386 0.033117
0 0.314659 0.858853 0.049676 0.037849
0 0.371432 0.841505 0.026021 0.036272
0 0.392722 0.865161 0.030752 0.031540
0 0.405732 0.891182 0.044157 0.037849
0 0.421502 0.838351 0.025232 0.029963
0 0.382471 0.804840 0.043368 0.022867
0 0.447129 0.845448 0.024444 0.029963
0 0.453043 0.810753 0.031540 0.031540
0 0.490891 0.811542 0.025232 0.039426
0 0.514547 0.834409 0.028386 0.031540
0 0.480246 0.837169 0.030752 0.037060
0 0.253944 0.949926 0.018136 0.029175
0 0.299283 0.947954 0.028386 0.020501
0 0.339103 0.957417 0.021290 0.018924
0 0.333978 0.987194 0.015770 0.021706
0 0.304803 0.989559 0.033117 0.016975
0 0.247636 0.990742 0.019713 0.014609
0 0.271291 0.993502 0.019713 0.009090
0 0.401758 0.758033 0.018924 0.028386
0 0.367458 0.739108 0.037060 0.025232
0 0.432510 0.743051 0.026809 0.042580
0 0.458531 0.726886 0.025232 0.033906
0 0.459320 0.771043 0.052042 0.033906
0 0.256672 0.711905 0.026809 0.030752
0 0.307137 0.792727 0.031540 0.029963
0 0.266529 0.830576 0.038637 0.028386
0 0.273231 0.766706 0.023655 0.028386
0 0.242085 0.761581 0.021290 0.029175
