0 0.212243 0.193314 0.048341 0.026030
0 0.264704 0.190321 0.034634 0.031485
0 0.336595 0.108460 0.025188 0.039881
0 0.238466 0.148341 0.028337 0.025188
0 0.305110 0.092192 0.020990 0.022040
0 0.329249 0.054410 0.037782 0.019941
0 0.343521 0.011725 0.034634 0.023450
0 0.266803 0.114757 0.032535 0.018891
0 0.204357 0.167232 0.025188 0.027287
0 0.168674 0.189272 0.020990 0.037782
0 0.126693 0.205539 0.029386 0.030436
0 0.067921 0.201341 0.029386 0.022040
0 0.190713 0.129975 0.035683 0.028337
0 0.225347 0.106886 0.031485 0.030436
0 0.246337 0.126301 0.033584 0.016792
0 0.285694 0.046014 0.036733 0.038832
0 0.290417 0.011725 0.039881 0.023450
0 0.267328 0.003329 0.033584 0.006657
0 0.267328 0.089044 0.033584 0.024139
0 0.232169 0.076450 0.030436 0.030436
0 0.254209 0.059133 0.019941 0.020990
0 0.248961 0.046014 0.028337 0.019941
0 0.245813 0.021875 0.034634 0.017842
0 0.093109 0.179302 0.023089 0.034634
0 0.127218 0.160935 0.026238 0.039881
0 0.153981 0.146767 0.037782 0.034634
0 0.004574 0.193995 0.009148 0.024139
0 0.014020 0.174054 0.028040 0.019941
0 0.009297 0.137846 0.018594 0.027287
0 0.042208 0.159886 0.026238 0.031485
0 0.060574 0.146242 0.027287 0.035683
0 0.088386 0.131024 0.045129 0.030436
0 0.189664 0.091668 0.029386 0.025188
0 0.151357 0.105311 0.028337 0.031485
0 0.032762 0.047064 0.017842 0.045129
0 0.009822 0.031321 0.019644 0.038832
0 0.005099 0.079598 0.010198 0.028337
0 0.003000 0.102687 0.006000 0.019941
0 0.060050 0.054935 0.022040 0.037782
0 0.113575 0.007527 0.013644 0.015054
0 0.047825 0.007879 0.039367 0.015757
0 0.094176 0.051315 0.040637 0.017779
0 0.131639 0.036076 0.036827 0.022858
0 0.190054 0.012583 0.036827 0.024128
0 0.155132 0.013853 0.033018 0.021588
0 0.136083 0.001529 0.025398 0.003058
0 0.162751 0.041156 0.040637 0.022858
0 0.191324 0.065284 0.031748 0.020318
0 0.090367 0.095127 0.040637 0.029208
0 0.122749 0.105286 0.024128 0.031748
0 0.157037 0.073538 0.036827 0.021588
0 0.057349 0.093857 0.020318 0.029208
0 0.027506 0.095762 0.029208 0.030478
0 0.792047 0.153834 0.046825 0.028095
0 0.589363 0.057509 0.040135 0.049500
