0 0.315605 0.957331 0.041980 0.020990
0 0.349189 0.956806 0.018891 0.028337
0 0.371229 0.957331 0.014693 0.029386
0 0.361783 0.895410 0.027287 0.029386
0 0.341843 0.921122 0.027287 0.019941
0 0.327150 0.888588 0.035683 0.028337
0 0.309308 0.910103 0.033584 0.020990
0 0.283595 0.932142 0.034634 0.020990
0 0.267328 0.991332 0.033584 0.013429
0 0.294090 0.984093 0.026238 0.017842
0 0.264179 0.973598 0.029386 0.019941
0 0.266803 0.951033 0.034634 0.018891
0 0.293040 0.871271 0.015743 0.023089
0 0.263130 0.880716 0.041980 0.033584
0 0.238466 0.929519 0.040931 0.024139
0 0.191763 0.894885 0.025188 0.038832
0 0.152931 0.881241 0.035683 0.026238
0 0.105703 0.864974 0.041980 0.023089
0 0.076317 0.885439 0.020990 0.026238
0 0.045356 0.888588 0.024139 0.032535
0 0.023317 0.894885 0.015743 0.028337
0 0.043257 0.946835 0.030436 0.035683
0 0.087337 0.946835 0.026238 0.027287
0 0.105703 0.966776 0.031485 0.027287
0 0.113575 0.993956 0.013644 0.008182
0 0.047825 0.989758 0.039367 0.016577
0 0.011531 0.959247 0.023062 0.041907
0 0.136083 0.988489 0.025398 0.019117
0 0.216087 0.985280 0.038097 0.017779
0 0.171641 0.984645 0.035557 0.021588
0 0.179895 0.963056 0.041907 0.019049
0 0.208468 0.938293 0.033018 0.030478
0 0.164021 0.937023 0.030478 0.027938
0 0.129734 0.934484 0.030478 0.017779
0 0.118940 0.913530 0.044447 0.026668
0 0.261169 0.605578 0.059686 0.035557
0 0.304981 0.521894 0.024128 0.031748
0 0.332284 0.451414 0.030478 0.025398
0 0.261804 0.400618 0.024128 0.027938
0 0.292917 0.450144 0.027938 0.025398
0 0.259899 0.462208 0.025398 0.029208
0 0.275773 0.528878 0.034287 0.033018
0 0.223707 0.514909 0.034287 0.033018
0 0.191959 0.611422 0.034287 0.020318
0 0.167831 0.648249 0.029208 0.025398
0 0.191324 0.465383 0.027938 0.035557
0 0.203388 0.491416 0.021588 0.019049
0 0.004063 0.298298 0.008125 0.031485
0 0.027541 0.288328 0.030436 0.019941
0 0.072145 0.308269 0.023089 0.028337
0 0.050105 0.307744 0.025188 0.037782
0 0.116225 0.317714 0.018891 0.024139
0 0.146136 0.309843 0.028337 0.016792
0 0.168175 0.350249 0.028337 0.026238
0 0.136690 0.336605 0.015743 0.022040
0 0.094185 0.361269 0.033584 0.023089
0 0.137215 0.372289 0.010495 0.024139
0 0.146660 0.384358 0.016792 0.016792
0 0.160829 0.375437 0.026238 0.019941
0 0.008785 0.362843 0.017571 0.028337
0 0.011409 0.339754 0.022818 0.034634
0 0.060076 0.347625 0.022040 0.029386
0 0.087888 0.328734 0.035683 0.029386
0 0.188691 0.517206 0.023852 0.020036
0 0.110932 0.405100 0.015266 0.026715
0 0.132399 0.411778 0.031485 0.017174
0 0.170563 0.452805 0.027669 0.040072
0 0.147188 0.453282 0.009541 0.020036
0 0.161022 0.512436 0.021944 0.025761
0 0.183443 0.545352 0.036256 0.015266
0 0.160545 0.582085 0.015266 0.027669
0 0.167224 0.563003 0.036256 0.021944
0 0.083740 0.398898 0.021944 0.020036
0 0.062750 0.374568 0.027669 0.026715
0 0.035081 0.361211 0.023852 0.026715
0 0.135261 0.633129 0.033393 0.026715
0 0.146711 0.605460 0.033393 0.019082
0 0.108547 0.592580 0.027669 0.035302
0 0.037943 0.592103 0.031485 0.038164
0 0.076584 0.588764 0.026715 0.029577
0 0.052255 0.560618 0.035302 0.034348
0 0.127152 0.495739 0.040072 0.024807
0 0.134784 0.472841 0.036256 0.019082
0 0.129537 0.446603 0.027669 0.014311
0 0.132399 0.428952 0.037210 0.017174
0 0.095189 0.443741 0.027669 0.023852
0 0.086602 0.424182 0.023852 0.034348
0 0.000128 0.415118 0.000257 0.029577
0 0.023155 0.417980 0.030531 0.035302
0 0.039852 0.394604 0.027669 0.032439
0 0.059888 0.411778 0.023852 0.034348
0 0.049393 0.633129 0.023852 0.034348
0 0.067998 0.628359 0.024807 0.034348
0 0.092804 0.627882 0.028623 0.037210
0 0.131922 0.580654 0.030531 0.022898
0 0.000605 0.632175 0.001211 0.022898
0 0.015871 0.651734 0.031742 0.020036
0 0.019816 0.626928 0.029577 0.031485
0 0.093281 0.569205 0.041026 0.028623
0 0.117134 0.557755 0.041026 0.028623
0 0.132876 0.543921 0.036256 0.027669
0 0.009192 0.595442 0.018384 0.021944
0 0.005376 0.578268 0.010752 0.025761
0 0.020293 0.546306 0.017174 0.032439
0 0.007761 0.537719 0.015522 0.040072
0 0.017302 0.511482 0.034604 0.023852
0 0.042714 0.535811 0.031485 0.024807
0 0.037557 0.488260 0.039692 0.029029
0 0.006782 0.484706 0.013564 0.023104
0 0.075471 0.531507 0.027844 0.025474
0 0.119311 0.524102 0.039692 0.023697
0 0.084950 0.515216 0.030213 0.018957
0 0.087320 0.502479 0.030213 0.021920
0 0.069843 0.466637 0.037915 0.020142
0 0.059772 0.442644 0.027251 0.031398
0 0.015637 0.447383 0.024289 0.021920
0 0.255570 0.694283 0.046825 0.032108
0 0.286340 0.762513 0.052176 0.045487
0 0.447551 0.783919 0.056190 0.029433
0 0.422132 0.816696 0.040135 0.012041
0 0.392030 0.715020 0.052176 0.030770
0 0.626822 0.799304 0.058865 0.022743
0 0.616120 0.765189 0.064217 0.029433
0 0.456247 0.745790 0.054852 0.028095
0 0.689701 0.760507 0.026757 0.036122
0 0.725154 0.776561 0.030770 0.025419
0 0.719803 0.736425 0.030770 0.017392
0 0.529160 0.706993 0.040135 0.036122
0 0.816128 0.801311 0.046825 0.026757
0 0.879676 0.803318 0.045487 0.017392
0 0.950581 0.802649 0.053514 0.026757
0 0.470963 0.546451 0.025419 0.041473
0 0.520464 0.450795 0.030770 0.037460
0 0.633512 0.448788 0.040135 0.030770
0 0.660938 0.569194 0.041473 0.041473
0 0.785357 0.482234 0.036122 0.046825
0 0.747229 0.403970 0.032108 0.029433
