0 0.971891 0.208163 0.028337 0.033584
0 0.845425 0.195044 0.025188 0.032535
0 0.828633 0.179302 0.023089 0.032535
0 0.798722 0.185074 0.047228 0.027287
0 0.991528 0.193995 0.013037 0.024139
0 0.909445 0.172480 0.018891 0.029386
0 0.874287 0.152014 0.038832 0.030436
0 0.801346 0.153064 0.033584 0.024139
0 0.790851 0.134697 0.037782 0.029386
0 0.820237 0.107410 0.037782 0.033584
0 0.797672 0.077499 0.043030 0.032535
0 0.753068 0.095866 0.033584 0.035683
0 0.789276 0.115806 0.032535 0.025188
0 0.799247 0.000180 0.037782 0.000360
0 0.800296 0.026073 0.031485 0.030436
0 0.903148 0.117905 0.052475 0.029386
0 0.881108 0.088519 0.033584 0.025188
0 0.872712 0.047588 0.033584 0.044079
0 0.851722 0.011725 0.033584 0.023450
0 0.996251 0.174054 0.003592 0.019941
0 0.987855 0.137846 0.020384 0.027287
0 0.965594 0.144668 0.026238 0.026238
0 0.965069 0.174054 0.035683 0.024139
0 0.991004 0.031321 0.014087 0.038832
0 0.988905 0.079598 0.018285 0.028337
0 0.988380 0.102687 0.019334 0.019941
0 0.962445 0.052311 0.024139 0.034634
0 0.921514 0.039192 0.034634 0.027287
0 0.930994 0.079253 0.034287 0.027938
0 0.422401 0.083182 0.032325 0.041561
0 0.458562 0.075693 0.039426 0.025232
0 0.473150 0.048095 0.035483 0.026809
0 0.493651 0.010643 0.044945 0.021286
0 0.377740 0.119456 0.038637 0.021290
0 0.368278 0.089492 0.040214 0.021290
0 0.340680 0.069779 0.022867 0.030752
0 0.376163 0.063866 0.021290 0.031540
0 0.423474 0.045730 0.030752 0.018924
0 0.435301 0.007095 0.032329 0.014189
0 0.415194 0.017738 0.022078 0.024444
0 0.333978 0.002758 0.015770 0.005516
0 0.317419 0.026806 0.025232 0.025232
0 0.298495 0.059923 0.029963 0.031540
0 0.325698 0.048884 0.021290 0.029963
0 0.345805 0.028777 0.018924 0.026021
0 0.269320 0.040210 0.020501 0.029963
0 0.293369 0.033508 0.016559 0.026021
0 0.304803 0.005912 0.033117 0.011824
0 0.252367 0.025623 0.024444 0.016559
0 0.247636 0.005123 0.019713 0.010247
0 0.271291 0.009460 0.019713 0.018920
