0 0.478261 0.995400 0.057971 0.005293
0 0.412821 0.990529 0.035995 0.015036
0 0.372326 0.989404 0.017998 0.017286
0 0.417320 0.845778 0.044994 0.062992
0 0.418445 0.781661 0.047244 0.047244
0 0.482562 0.794035 0.062992 0.035995
0 0.349829 0.768163 0.040495 0.042745
0 0.317208 0.733292 0.047244 0.031496
0 0.267714 0.802776 0.033746 0.056243
0 0.221595 0.743158 0.049494 0.026997
0 0.282338 0.701538 0.026997 0.042745
0 0.325082 0.688040 0.026997 0.047244
0 0.382450 0.707163 0.047244 0.044994
0 0.438693 0.702663 0.038245 0.035995
0 0.496060 0.664418 0.044994 0.031496
0 0.505059 0.703788 0.035995 0.033746
0 0.548929 0.715037 0.038245 0.042745
0 0.523057 0.764530 0.031496 0.038245
0 0.578175 0.783653 0.038245 0.053993
0 0.545554 0.851144 0.049494 0.044994
0 0.345330 0.571055 0.062992 0.042745
0 0.433068 0.520436 0.040495 0.058493
0 0.463440 0.558682 0.024747 0.053993
0 0.497185 0.546308 0.024747 0.047244
0 0.375701 0.478817 0.051743 0.038245
0 0.326207 0.445071 0.047244 0.047244
0 0.312709 0.357332 0.029246 0.056243
0 0.377950 0.382079 0.065242 0.029246
0 0.366702 0.335960 0.042745 0.035995
0 0.465689 0.389953 0.020247 0.040495
0 0.421820 0.429323 0.031496 0.042745
0 0.330706 0.262844 0.029246 0.042745
0 0.665914 0.752157 0.042745 0.044994
0 0.741279 0.688040 0.026997 0.038245
0 0.764901 0.594677 0.056243 0.031496
0 0.797522 0.406826 0.058493 0.038245
0 0.863889 0.356207 0.042745 0.035995
0 0.124857 0.582304 0.080990 0.047244
0 0.062990 0.848895 0.051743 0.067491
